# file_a: data/qTMD/S32T48_pyquda_frontier.qTMD.300.GI_PDF.U.ex.x19y23z25t35.1HYP_GSRC_W90_k3_T5.PX0PY0PZ9dt10.PpUnpol.5.h5
# file_b: data/qTMD/S32T48_nobaryon_frontier.qTMD.300.GI_PDF.U.ex.x19y23z25t35.1HYP_GSRC_W90_k3_T5.PX0PY0PZ9dt10.PpUnpol.5.h5
# dataset_path	abs_diff=max(abs(abs(a)-abs(b)))	rel_diff=max(abs(abs(a)-abs(b))/abs(a))	abs(a)_at_max_rel
/SS/5/PX-1PY-1PZ-1/b_X/eta0/bT0/bz-1	6.0248184204101562e-01	5.4718614119849637e-11	1.0992734311073252e+10
/SS/5/PX-1PY-1PZ-1/b_X/eta0/bT0/bz-2	5.2032661437988281e-01	5.4953623891855259e-11	9.3722562316051579e+09
/SS/5/PX-1PY-1PZ-1/b_X/eta0/bT0/bz-3	5.1548004150390625e-01	6.4073092020282940e-11	6.7779201715279980e+09
/SS/5/PX-1PY-1PZ-1/b_X/eta0/bT0/bz-4	4.9745941162109375e-01	9.7859423322203814e-11	3.8748729172823882e+09
/SS/5/PX-1PY-1PZ-1/b_X/eta0/bT0/bz-5	4.4710159301757812e-01	2.8345208193305817e-10	1.2810759859049878e+09
/SS/5/PX-1PY-1PZ-1/b_X/eta0/bT0/bz0	7.4877166748046875e-01	5.9486260043173741e-11	1.1229118896672291e+10
/SS/5/PX-1PY-1PZ-1/b_X/eta0/bT0/bz1	7.8859901428222656e-01	7.0726944643044461e-11	1.0195519540768223e+10
/SS/5/PX-1PY-1PZ-1/b_X/eta0/bT0/bz2	8.8271522521972656e-01	9.2302926212095781e-11	8.4265768258242207e+09
/SS/5/PX-1PY-1PZ-1/b_X/eta0/bT0/bz3	8.6097908020019531e-01	1.2268941615962204e-10	6.6826000636048622e+09
/SS/5/PX-1PY-1PZ-1/b_X/eta0/bT0/bz4	7.9385566711425781e-01	1.4362357992874159e-10	5.5273351876351147e+09
/SS/5/PX-1PY-1PZ-1/b_X/eta0/bT0/bz5	6.9377994537353516e-01	3.1293501868156106e-10	1.1574844765731921e+09
/SS/5/PX-1PY-1PZ-2/b_X/eta0/bT0/bz-1	1.0735216140747070e+00	1.3521646815742664e-10	7.9392815734903879e+09
/SS/5/PX-1PY-1PZ-2/b_X/eta0/bT0/bz-2	8.6064243316650391e-01	1.1273006441486509e-10	7.6345421927481461e+09
/SS/5/PX-1PY-1PZ-2/b_X/eta0/bT0/bz-3	6.0551357269287109e-01	8.2983905805789469e-11	7.2967591343552637e+09
/SS/5/PX-1PY-1PZ-2/b_X/eta0/bT0/bz-4	3.8739585876464844e-01	8.3475761740325518e-11	3.7112929858242111e+09
/SS/5/PX-1PY-1PZ-2/b_X/eta0/bT0/bz-5	2.6638793945312500e-01	7.9618468849761247e-11	2.9561477841308560e+09
/SS/5/PX-1PY-1PZ-2/b_X/eta0/bT0/bz0	1.1415967941284180e+00	1.3823674087674239e-10	8.2582733569096003e+09
/SS/5/PX-1PY-1PZ-2/b_X/eta0/bT0/bz1	1.0363578796386719e+00	1.2141905229044537e-10	8.5353810632585888e+09
/SS/5/PX-1PY-1PZ-2/b_X/eta0/bT0/bz2	8.1199455261230469e-01	9.5320004035539210e-11	8.5186164313375378e+09
/SS/5/PX-1PY-1PZ-2/b_X/eta0/bT0/bz3	5.6684494018554688e-01	7.1393464508583283e-11	7.9397315158644238e+09
/SS/5/PX-1PY-1PZ-2/b_X/eta0/bT0/bz4	3.6364650726318359e-01	5.8796837114484688e-11	6.1393004882696009e+09
/SS/5/PX-1PY-1PZ-2/b_X/eta0/bT0/bz5	2.7595424652099609e-01	5.4480874034238081e-11	4.8844916425924368e+09
/SS/5/PX-1PY-1PZ0/b_X/eta0/bT0/bz-1	1.1632652282714844e+00	9.2432929809456512e-11	9.4954186065675488e+09
/SS/5/PX-1PY-1PZ0/b_X/eta0/bT0/bz-2	9.9845886230468750e-01	8.1777651038531852e-11	6.5074923030209942e+09
/SS/5/PX-1PY-1PZ0/b_X/eta0/bT0/bz-3	7.9862976074218750e-01	6.6958079707695126e-11	8.3355035425809479e+09
/SS/5/PX-1PY-1PZ0/b_X/eta0/bT0/bz-4	6.0497856140136719e-01	7.0490994934001953e-11	8.5823524262607689e+09
/SS/5/PX-1PY-1PZ0/b_X/eta0/bT0/bz-5	4.3408584594726562e-01	7.2607282641317992e-11	5.9785441646626806e+09
/SS/5/PX-1PY-1PZ0/b_X/eta0/bT0/bz0	1.2237358093261719e+00	9.3517874004748344e-11	1.1477433546785645e+10
/SS/5/PX-1PY-1PZ0/b_X/eta0/bT0/bz1	1.1415748596191406e+00	9.5596234525152939e-11	1.1628321654715380e+10
/SS/5/PX-1PY-1PZ0/b_X/eta0/bT0/bz2	1.0078716278076172e+00	9.5811295927546825e-11	1.0519340314212812e+10
/SS/5/PX-1PY-1PZ0/b_X/eta0/bT0/bz3	8.2285881042480469e-01	9.2194537144375467e-11	8.9252447695053596e+09
/SS/5/PX-1PY-1PZ0/b_X/eta0/bT0/bz4	6.2086868286132812e-01	1.5023084671199896e-10	2.4397273941146765e+09
/SS/5/PX-1PY-1PZ0/b_X/eta0/bT0/bz5	4.9198341369628906e-01	2.4033714706921833e-10	1.6169721325948718e+09
/SS/5/PX-1PY-2PZ-1/b_X/eta0/bT0/bz-1	6.7680740356445312e-01	1.0817841335668336e-10	2.5072798744096951e+09
/SS/5/PX-1PY-2PZ-1/b_X/eta0/bT0/bz-2	6.0404777526855469e-01	1.4514001456744329e-10	2.1560665992820444e+09
/SS/5/PX-1PY-2PZ-1/b_X/eta0/bT0/bz-3	4.6372604370117188e-01	1.2847795290370119e-10	2.2807713297048650e+09
/SS/5/PX-1PY-2PZ-1/b_X/eta0/bT0/bz-4	3.4422683715820312e-01	8.0194193618319233e-11	2.7140598864371986e+09
/SS/5/PX-1PY-2PZ-1/b_X/eta0/bT0/bz-5	2.5834274291992188e-01	5.6202981401072071e-11	3.7227128656682363e+09
/SS/5/PX-1PY-2PZ-1/b_X/eta0/bT0/bz0	6.8287658691406250e-01	8.5567489084436218e-11	2.9999604754358325e+09
/SS/5/PX-1PY-2PZ-1/b_X/eta0/bT0/bz1	6.3833808898925781e-01	7.9535745130237012e-11	3.3978233641165380e+09
/SS/5/PX-1PY-2PZ-1/b_X/eta0/bT0/bz2	6.0233116149902344e-01	1.1094085906703475e-10	4.7049717688675890e+09
/SS/5/PX-1PY-2PZ-1/b_X/eta0/bT0/bz3	5.4574298858642578e-01	1.1982293497267435e-10	1.9372994972545688e+09
/SS/5/PX-1PY-2PZ-1/b_X/eta0/bT0/bz4	4.5135164260864258e-01	1.5724979461656983e-10	2.8702844649762263e+09
/SS/5/PX-1PY-2PZ-1/b_X/eta0/bT0/bz5	3.0201721191406250e-01	2.9217677778677963e-10	1.0090403664224087e+09
/SS/5/PX-1PY-2PZ-2/b_X/eta0/bT0/bz-1	7.2186660766601562e-01	1.1358751713160279e-10	6.0889477433897963e+09
/SS/5/PX-1PY-2PZ-2/b_X/eta0/bT0/bz-2	6.1142063140869141e-01	8.7681493238551874e-11	6.9732004876470499e+09
/SS/5/PX-1PY-2PZ-2/b_X/eta0/bT0/bz-3	5.0876522064208984e-01	7.3524015496694408e-11	6.9197148333793545e+09
/SS/5/PX-1PY-2PZ-2/b_X/eta0/bT0/bz-4	4.2126655578613281e-01	7.4187047730155686e-11	5.6784380653402872e+09
/SS/5/PX-1PY-2PZ-2/b_X/eta0/bT0/bz-5	3.4667968750000000e-01	6.9764050981670666e-11	4.9693170425422153e+09
/SS/5/PX-1PY-2PZ-2/b_X/eta0/bT0/bz0	7.6701545715332031e-01	1.5630279750432470e-10	4.4527129396604691e+09
/SS/5/PX-1PY-2PZ-2/b_X/eta0/bT0/bz1	7.1378517150878906e-01	1.8172294210886788e-10	3.0151301390107236e+09
/SS/5/PX-1PY-2PZ-2/b_X/eta0/bT0/bz2	5.8246898651123047e-01	1.0782148929520927e-10	2.2002931467828369e+09
/SS/5/PX-1PY-2PZ-2/b_X/eta0/bT0/bz3	4.1031837463378906e-01	1.0550397958549935e-10	2.7801405084769497e+09
/SS/5/PX-1PY-2PZ-2/b_X/eta0/bT0/bz4	3.0230605602264404e-01	3.9887060114808262e-10	7.5790508288278556e+08
/SS/5/PX-1PY-2PZ-2/b_X/eta0/bT0/bz5	2.7099251747131348e-01	5.8653221157270243e-10	4.6202495297689742e+08
/SS/5/PX-1PY-2PZ0/b_X/eta0/bT0/bz-1	8.7101554870605469e-01	2.7913604841506845e-10	3.1203979337375875e+09
/SS/5/PX-1PY-2PZ0/b_X/eta0/bT0/bz-2	6.9277763366699219e-01	5.0875881369593529e-10	1.3551092992500203e+09
/SS/5/PX-1PY-2PZ0/b_X/eta0/bT0/bz-3	5.7224607467651367e-01	2.1533794424107925e-09	2.4892532611023262e+08
/SS/5/PX-1PY-2PZ0/b_X/eta0/bT0/bz-4	4.9060702323913574e-01	6.6658168015504552e-10	7.3600436052341187e+08
/SS/5/PX-1PY-2PZ0/b_X/eta0/bT0/bz-5	2.3905897140502930e-01	1.7303344736617634e-10	9.8800851271343076e+08
/SS/5/PX-1PY-2PZ0/b_X/eta0/bT0/bz0	9.5228195190429688e-01	1.7568908600082932e-10	4.9233061687428265e+09
/SS/5/PX-1PY-2PZ0/b_X/eta0/bT0/bz1	8.5846328735351562e-01	1.2947835546472006e-10	6.6301682954833908e+09
/SS/5/PX-1PY-2PZ0/b_X/eta0/bT0/bz2	7.5280189514160156e-01	1.1496059663411700e-10	5.2961168861869888e+09
/SS/5/PX-1PY-2PZ0/b_X/eta0/bT0/bz3	6.7345619201660156e-01	1.3542021595049043e-10	4.9730846114055586e+09
/SS/5/PX-1PY-2PZ0/b_X/eta0/bT0/bz4	5.9772777557373047e-01	1.6695741938944873e-10	3.5801210737419033e+09
/SS/5/PX-1PY-2PZ0/b_X/eta0/bT0/bz5	4.6757411956787109e-01	1.5806425441175366e-10	2.9581268788947787e+09
/SS/5/PX-1PY0PZ-1/b_X/eta0/bT0/bz-1	1.4233016967773438e+00	4.2384514935316630e-11	2.7880864526790993e+10
/SS/5/PX-1PY0PZ-1/b_X/eta0/bT0/bz-2	1.1658477783203125e+00	4.0177792949346170e-11	2.3680810932182938e+10
/SS/5/PX-1PY0PZ-1/b_X/eta0/bT0/bz-3	8.6687088012695312e-01	3.6636452503241016e-11	1.8982559617018196e+10
/SS/5/PX-1PY0PZ-1/b_X/eta0/bT0/bz-4	5.9449768066406250e-01	3.5088036191729327e-11	8.0746951400854740e+09
/SS/5/PX-1PY0PZ-1/b_X/eta0/bT0/bz-5	4.2408752441406250e-01	3.9280330916555438e-11	8.1108249038755035e+09
/SS/5/PX-1PY0PZ-1/b_X/eta0/bT0/bz0	1.5227432250976562e+00	4.5742511239526364e-11	1.5523564475755663e+10
/SS/5/PX-1PY0PZ-1/b_X/eta0/bT0/bz1	1.3951721191406250e+00	6.3725672364533047e-11	7.0549155812723589e+09
/SS/5/PX-1PY0PZ-1/b_X/eta0/bT0/bz2	1.1176910400390625e+00	1.1465289924287482e-10	4.6309802730019236e+09
/SS/5/PX-1PY0PZ-1/b_X/eta0/bT0/bz3	8.1611633300781250e-01	1.1216916658445478e-10	5.2652531711013288e+09
/SS/5/PX-1PY0PZ-1/b_X/eta0/bT0/bz4	5.6145858764648438e-01	6.6585145505848508e-11	6.3896684087752247e+09
/SS/5/PX-1PY0PZ-1/b_X/eta0/bT0/bz5	3.9403247833251953e-01	4.8768394433448871e-11	6.9992260898103628e+09
/SS/5/PX-1PY0PZ-2/b_X/eta0/bT0/bz-1	1.1597251892089844e+00	1.4148115229300718e-10	6.6616790046891260e+09
/SS/5/PX-1PY0PZ-2/b_X/eta0/bT0/bz-2	9.7496604919433594e-01	1.4584190349823555e-10	5.4023597838920755e+09
/SS/5/PX-1PY0PZ-2/b_X/eta0/bT0/bz-3	7.3195838928222656e-01	1.5408517329932906e-10	4.1226771027377334e+09
/SS/5/PX-1PY0PZ-2/b_X/eta0/bT0/bz-4	5.2686595916748047e-01	2.2336817930739664e-10	2.0385088093706934e+09
/SS/5/PX-1PY0PZ-2/b_X/eta0/bT0/bz-5	4.4070482254028320e-01	2.0725894899882558e-10	2.1263488243529615e+09
/SS/5/PX-1PY0PZ-2/b_X/eta0/bT0/bz0	1.2938861846923828e+00	1.3583217167927160e-10	7.4479137409461069e+09
/SS/5/PX-1PY0PZ-2/b_X/eta0/bT0/bz1	1.3611068725585938e+00	1.3403714553769065e-10	7.1711304297963762e+09
/SS/5/PX-1PY0PZ-2/b_X/eta0/bT0/bz2	1.2765598297119141e+00	1.5983688840029963e-10	7.9866408967801266e+09
/SS/5/PX-1PY0PZ-2/b_X/eta0/bT0/bz3	9.5875072479248047e-01	1.7180439407646091e-10	5.5804784851183262e+09
/SS/5/PX-1PY0PZ-2/b_X/eta0/bT0/bz4	7.4996948242187500e-01	3.5694000225202642e-10	1.1813268471009703e+09
/SS/5/PX-1PY0PZ-2/b_X/eta0/bT0/bz5	6.4165687561035156e-01	8.1087067008354338e-10	5.3364530160973775e+08
/SS/5/PX-1PY0PZ0/b_X/eta0/bT0/bz-1	2.3112258911132812e+00	8.9006313901119362e-11	2.4687697940988499e+10
/SS/5/PX-1PY0PZ0/b_X/eta0/bT0/bz-2	1.8036537170410156e+00	8.7833819142387390e-11	2.0534843351364613e+10
/SS/5/PX-1PY0PZ0/b_X/eta0/bT0/bz-3	1.3764953613281250e+00	8.6890184837435622e-11	1.5841781944686094e+10
/SS/5/PX-1PY0PZ0/b_X/eta0/bT0/bz-4	1.0047531127929688e+00	8.4850501234908406e-11	1.1841451708238142e+10
/SS/5/PX-1PY0PZ0/b_X/eta0/bT0/bz-5	7.1681594848632812e-01	8.0817490433614433e-11	8.8695645539147148e+09
/SS/5/PX-1PY0PZ0/b_X/eta0/bT0/bz0	2.6374053955078125e+00	9.2805814368083082e-11	2.0976766519573982e+10
/SS/5/PX-1PY0PZ0/b_X/eta0/bT0/bz1	2.6151046752929688e+00	1.0725662255037771e-10	1.7522836939364067e+10
/SS/5/PX-1PY0PZ0/b_X/eta0/bT0/bz2	2.4044761657714844e+00	1.3254172453095643e-10	1.2328256731042719e+10
/SS/5/PX-1PY0PZ0/b_X/eta0/bT0/bz3	2.0254249572753906e+00	1.7077595132129597e-10	7.7316351607924719e+09
/SS/5/PX-1PY0PZ0/b_X/eta0/bT0/bz4	1.5710334777832031e+00	2.1809800032475792e-10	4.5703282026852417e+09
/SS/5/PX-1PY0PZ0/b_X/eta0/bT0/bz5	1.1507072448730469e+00	2.3053149456581121e-10	2.7475657562929816e+09
/SS/5/PX-1PY1PZ-1/b_X/eta0/bT0/bz-1	1.8005714416503906e+00	1.1009754262729506e-10	1.3467030789953140e+10
/SS/5/PX-1PY1PZ-1/b_X/eta0/bT0/bz-2	1.4847335815429688e+00	9.5370659118969874e-11	1.5568033137852615e+10
/SS/5/PX-1PY1PZ-1/b_X/eta0/bT0/bz-3	1.0821704864501953e+00	9.9938558240282760e-11	1.0828357998204533e+10
/SS/5/PX-1PY1PZ-1/b_X/eta0/bT0/bz-4	7.6350784301757812e-01	1.7679631219514019e-10	3.0359733155291047e+09
/SS/5/PX-1PY1PZ-1/b_X/eta0/bT0/bz-5	5.9046840667724609e-01	1.8634892296181128e-10	2.7907865210201607e+09
/SS/5/PX-1PY1PZ-1/b_X/eta0/bT0/bz0	1.9074211120605469e+00	1.1314302397400172e-10	1.5276166277260021e+10
/SS/5/PX-1PY1PZ-1/b_X/eta0/bT0/bz1	1.7382507324218750e+00	1.0244469264141886e-10	1.5457678558801304e+10
/SS/5/PX-1PY1PZ-1/b_X/eta0/bT0/bz2	1.3912620544433594e+00	8.5223994867207659e-11	1.3996646305699310e+10
/SS/5/PX-1PY1PZ-1/b_X/eta0/bT0/bz3	1.0119113922119141e+00	7.5852062458786062e-11	1.3340591665015469e+10
/SS/5/PX-1PY1PZ-1/b_X/eta0/bT0/bz4	6.8461990356445312e-01	7.5858812524982812e-11	9.0249224945221119e+09
/SS/5/PX-1PY1PZ-1/b_X/eta0/bT0/bz5	4.2227649688720703e-01	7.4801921436662552e-11	5.6452626988300505e+09
/SS/5/PX-1PY1PZ-2/b_X/eta0/bT0/bz-1	8.0132865905761719e-01	8.2115026712260056e-11	9.7586116834079533e+09
/SS/5/PX-1PY1PZ-2/b_X/eta0/bT0/bz-2	4.1085624694824219e-01	6.2861564208045735e-11	2.8312241352421403e+09
/SS/5/PX-1PY1PZ-2/b_X/eta0/bT0/bz-3	2.4465274810791016e-01	5.2406749075148144e-11	3.8362341306550784e+09
/SS/5/PX-1PY1PZ-2/b_X/eta0/bT0/bz-4	2.0939636230468750e-01	5.8394086351966577e-11	3.5859172629667411e+09
/SS/5/PX-1PY1PZ-2/b_X/eta0/bT0/bz-5	2.2272062301635742e-01	7.5628783715540249e-11	2.9449187475243325e+09
/SS/5/PX-1PY1PZ-2/b_X/eta0/bT0/bz0	1.1258258819580078e+00	8.9925869334414296e-10	1.0527549305375099e+09
/SS/5/PX-1PY1PZ-2/b_X/eta0/bT0/bz1	1.1066036224365234e+00	4.5216859066033149e-10	1.8678451051073053e+09
/SS/5/PX-1PY1PZ-2/b_X/eta0/bT0/bz2	8.8138580322265625e-01	3.0685607622204231e-10	2.2051413251704688e+09
/SS/5/PX-1PY1PZ-2/b_X/eta0/bT0/bz3	6.4904403686523438e-01	2.6232919442453453e-10	1.8652191730826788e+09
/SS/5/PX-1PY1PZ-2/b_X/eta0/bT0/bz4	4.4415092468261719e-01	1.8296327709243018e-10	1.3827235018692648e+09
/SS/5/PX-1PY1PZ-2/b_X/eta0/bT0/bz5	2.5661659240722656e-01	1.9709047021405686e-10	1.2362534525228240e+09
/SS/5/PX-1PY1PZ0/b_X/eta0/bT0/bz-1	1.4498238563537598e+00	4.4334718936887843e-10	2.5672834432197800e+09
/SS/5/PX-1PY1PZ0/b_X/eta0/bT0/bz-2	1.2407307624816895e+00	3.5788218305382509e-10	3.4668693252468643e+09
/SS/5/PX-1PY1PZ0/b_X/eta0/bT0/bz-3	9.0409851074218750e-01	2.4897827577841580e-10	3.6312345240386024e+09
/SS/5/PX-1PY1PZ0/b_X/eta0/bT0/bz-4	6.3672447204589844e-01	1.7848559504869216e-10	3.1891439262535710e+09
/SS/5/PX-1PY1PZ0/b_X/eta0/bT0/bz-5	4.8750114440917969e-01	1.3114458266579338e-10	2.5277267461726093e+09
/SS/5/PX-1PY1PZ0/b_X/eta0/bT0/bz0	2.1025915145874023e+00	3.9467793079037398e-10	5.3273602361723022e+09
/SS/5/PX-1PY1PZ0/b_X/eta0/bT0/bz1	2.0438203811645508e+00	3.6666662355624190e-10	5.0406236506180105e+09
/SS/5/PX-1PY1PZ0/b_X/eta0/bT0/bz2	1.7278099060058594e+00	2.2294389153389035e-10	7.6000750021826277e+09
/SS/5/PX-1PY1PZ0/b_X/eta0/bT0/bz3	1.3486976623535156e+00	1.5680957885216785e-10	8.6008627293425713e+09
/SS/5/PX-1PY1PZ0/b_X/eta0/bT0/bz4	9.9615383148193359e-01	1.2673259168343845e-10	7.8602813865765209e+09
/SS/5/PX-1PY1PZ0/b_X/eta0/bT0/bz5	7.0097637176513672e-01	1.1772559343243152e-10	5.9543243854401245e+09
/SS/5/PX-1PY2PZ-1/b_X/eta0/bT0/bz-1	1.3989257812500000e+00	2.1104012150632280e-10	6.6287195594136724e+09
/SS/5/PX-1PY2PZ-1/b_X/eta0/bT0/bz-2	1.3122100830078125e+00	3.6260638567978166e-10	3.0791776119124632e+09
/SS/5/PX-1PY2PZ-1/b_X/eta0/bT0/bz-3	1.2209303379058838e+00	6.1677605059829560e-10	1.9795359056525235e+09
/SS/5/PX-1PY2PZ-1/b_X/eta0/bT0/bz-4	1.0188667774200439e+00	1.2708982993798008e-09	5.0928088842943001e+08
/SS/5/PX-1PY2PZ-1/b_X/eta0/bT0/bz-5	8.4936809539794922e-01	6.0699126387441340e-10	1.2949991663425565e+09
/SS/5/PX-1PY2PZ-1/b_X/eta0/bT0/bz0	1.3384780883789062e+00	1.8581942522879972e-10	7.2031117668717165e+09
/SS/5/PX-1PY2PZ-1/b_X/eta0/bT0/bz1	1.1216411590576172e+00	1.6852452722887249e-10	6.6556552776102486e+09
/SS/5/PX-1PY2PZ-1/b_X/eta0/bT0/bz2	9.1712093353271484e-01	1.5659084796390856e-10	5.2930799973882942e+09
/SS/5/PX-1PY2PZ-1/b_X/eta0/bT0/bz3	7.4187231063842773e-01	2.2758040419913280e-10	3.2598250857718382e+09
/SS/5/PX-1PY2PZ-1/b_X/eta0/bT0/bz4	4.6456360816955566e-01	2.9973355153809743e-10	1.5499219416232340e+09
/SS/5/PX-1PY2PZ-1/b_X/eta0/bT0/bz5	2.5192308425903320e-01	1.5123276559301684e-10	1.4388738757193177e+09
/SS/5/PX-1PY2PZ-2/b_X/eta0/bT0/bz-1	9.2158412933349609e-01	1.8796534910450212e-10	3.3444243118544121e+09
/SS/5/PX-1PY2PZ-2/b_X/eta0/bT0/bz-2	6.8794536590576172e-01	8.6311566077709981e-10	1.7387452589830306e+08
/SS/5/PX-1PY2PZ-2/b_X/eta0/bT0/bz-3	4.3275260925292969e-01	2.7619058979882357e-10	1.2859987033416233e+09
/SS/5/PX-1PY2PZ-2/b_X/eta0/bT0/bz-4	2.3044109344482422e-01	2.0030259461968487e-10	8.3649794900360930e+08
/SS/5/PX-1PY2PZ-2/b_X/eta0/bT0/bz-5	1.5793085098266602e-01	4.7435318639198961e-10	1.4409632364457008e+08
/SS/5/PX-1PY2PZ-2/b_X/eta0/bT0/bz0	1.0122947692871094e+00	1.3372045860514822e-10	7.5702310614730139e+09
/SS/5/PX-1PY2PZ-2/b_X/eta0/bT0/bz1	8.9553356170654297e-01	1.2760778949794445e-10	7.0178596873270702e+09
/SS/5/PX-1PY2PZ-2/b_X/eta0/bT0/bz2	6.6722583770751953e-01	1.1306469765064070e-10	5.9012746822990208e+09
/SS/5/PX-1PY2PZ-2/b_X/eta0/bT0/bz3	4.3604278564453125e-01	1.8472697714972209e-10	1.7304557278525939e+09
/SS/5/PX-1PY2PZ-2/b_X/eta0/bT0/bz4	2.5001764297485352e-01	7.3520273855561217e-10	3.1810747465159124e+08
/SS/5/PX-1PY2PZ-2/b_X/eta0/bT0/bz5	2.1170949935913086e-01	5.0970027058221280e-10	4.1536077490659857e+08
/SS/5/PX-1PY2PZ0/b_X/eta0/bT0/bz-1	8.3446884155273438e-01	3.9800708919940642e-11	1.8238912083691036e+10
/SS/5/PX-1PY2PZ0/b_X/eta0/bT0/bz-2	7.0639419555664062e-01	3.4963492189317642e-11	1.5404011433726770e+10
/SS/5/PX-1PY2PZ0/b_X/eta0/bT0/bz-3	5.8437156677246094e-01	3.9414972700875138e-11	1.4826131460430672e+10
/SS/5/PX-1PY2PZ0/b_X/eta0/bT0/bz-4	5.1162147521972656e-01	5.5124887499823403e-11	7.6356727918772392e+09
/SS/5/PX-1PY2PZ0/b_X/eta0/bT0/bz-5	4.4091892242431641e-01	7.8116419205025483e-11	3.5691420137709455e+09
/SS/5/PX-1PY2PZ0/b_X/eta0/bT0/bz0	8.9385223388671875e-01	4.4681792740073352e-11	1.6805466279615128e+10
/SS/5/PX-1PY2PZ0/b_X/eta0/bT0/bz1	8.5486602783203125e-01	4.4666141376005650e-11	1.6687902588984529e+10
/SS/5/PX-1PY2PZ0/b_X/eta0/bT0/bz2	7.3071670532226562e-01	4.0785737265264321e-11	1.4921477239929422e+10
/SS/5/PX-1PY2PZ0/b_X/eta0/bT0/bz3	6.1290931701660156e-01	4.3414964338290554e-11	1.4117466784972939e+10
/SS/5/PX-1PY2PZ0/b_X/eta0/bT0/bz4	5.4874038696289062e-01	5.8017122397184636e-11	9.4582489494432259e+09
/SS/5/PX-1PY2PZ0/b_X/eta0/bT0/bz5	4.7416973114013672e-01	8.0056429163084066e-11	5.9229438047280245e+09
/SS/5/PX-2PY-1PZ-1/b_X/eta0/bT0/bz-1	8.2879829406738281e-01	6.2549940439399269e-11	1.3250185183954790e+10
/SS/5/PX-2PY-1PZ-1/b_X/eta0/bT0/bz-2	7.7423858642578125e-01	5.6670850988189512e-11	1.3070072634452568e+10
/SS/5/PX-2PY-1PZ-1/b_X/eta0/bT0/bz-3	6.7329788208007812e-01	6.2645155598892011e-11	1.0747804449415184e+10
/SS/5/PX-2PY-1PZ-1/b_X/eta0/bT0/bz-4	5.7731342315673828e-01	7.6596396041586401e-11	7.5370833745663195e+09
/SS/5/PX-2PY-1PZ-1/b_X/eta0/bT0/bz-5	4.7978782653808594e-01	9.3675006395281729e-11	5.1218339341608219e+09
/SS/5/PX-2PY-1PZ-1/b_X/eta0/bT0/bz0	8.0828094482421875e-01	6.5084470100459578e-11	1.2418952533171370e+10
/SS/5/PX-2PY-1PZ-1/b_X/eta0/bT0/bz1	7.1406173706054688e-01	5.7896969177618486e-11	1.1325335337171000e+10
/SS/5/PX-2PY-1PZ-1/b_X/eta0/bT0/bz2	5.7526016235351562e-01	3.8156252420623263e-11	1.0562030643931772e+10
/SS/5/PX-2PY-1PZ-1/b_X/eta0/bT0/bz3	4.3399810791015625e-01	3.9150439252517978e-11	2.6829492820197458e+09
/SS/5/PX-2PY-1PZ-1/b_X/eta0/bT0/bz4	3.3944320678710938e-01	1.3976810362455494e-10	1.4917543031760545e+09
/SS/5/PX-2PY-1PZ-1/b_X/eta0/bT0/bz5	3.5925483703613281e-01	2.0176667913016700e-10	1.0283422409938816e+09
/SS/5/PX-2PY-1PZ-2/b_X/eta0/bT0/bz-1	5.5253744125366211e-01	3.3685367656002620e-10	1.6402891810361516e+09
/SS/5/PX-2PY-1PZ-2/b_X/eta0/bT0/bz-2	5.6641197204589844e-01	1.9793167572806799e-10	2.8616540023845086e+09
/SS/5/PX-2PY-1PZ-2/b_X/eta0/bT0/bz-3	5.0181341171264648e-01	2.8230083903695416e-10	1.7775838478714452e+09
/SS/5/PX-2PY-1PZ-2/b_X/eta0/bT0/bz-4	2.2804927825927734e-01	7.0185665866990273e-11	3.2492286771412325e+09
/SS/5/PX-2PY-1PZ-2/b_X/eta0/bT0/bz-5	1.5844345092773438e-01	8.4725034643227901e-11	9.5178571399248135e+08
/SS/5/PX-2PY-1PZ-2/b_X/eta0/bT0/bz0	6.7272198200225830e-01	1.4981570217538999e-09	4.4903302673487413e+08
/SS/5/PX-2PY-1PZ-2/b_X/eta0/bT0/bz1	5.9992551803588867e-01	4.7343789438260170e-10	1.2671683554571319e+09
/SS/5/PX-2PY-1PZ-2/b_X/eta0/bT0/bz2	4.5601868629455566e-01	1.8642872084106677e-09	2.1767317702812982e+08
/SS/5/PX-2PY-1PZ-2/b_X/eta0/bT0/bz3	2.2656387090682983e-01	5.9340083267786624e-10	3.8180578528076041e+08
/SS/5/PX-2PY-1PZ-2/b_X/eta0/bT0/bz4	3.3744549751281738e-01	3.8857688791018502e-10	5.1234466432384449e+08
/SS/5/PX-2PY-1PZ-2/b_X/eta0/bT0/bz5	2.9699563980102539e-01	1.1478053878925910e-10	2.5875086746745396e+09
/SS/5/PX-2PY-1PZ0/b_X/eta0/bT0/bz-1	1.1385746002197266e+00	1.0227646056289500e-10	1.1132323058046764e+10
/SS/5/PX-2PY-1PZ0/b_X/eta0/bT0/bz-2	9.7332859039306641e-01	1.1415625341042666e-10	8.5262835921362305e+09
/SS/5/PX-2PY-1PZ0/b_X/eta0/bT0/bz-3	7.6228523254394531e-01	1.3197047340890497e-10	5.7690693785540991e+09
/SS/5/PX-2PY-1PZ0/b_X/eta0/bT0/bz-4	5.6945991516113281e-01	1.3404067580335300e-10	3.8240268967915101e+09
/SS/5/PX-2PY-1PZ0/b_X/eta0/bT0/bz-5	4.3592643737792969e-01	4.3950460062059468e-10	6.8028571143702066e+08
/SS/5/PX-2PY-1PZ0/b_X/eta0/bT0/bz0	1.1947040557861328e+00	9.6809782457704071e-11	1.2340736911665882e+10
/SS/5/PX-2PY-1PZ0/b_X/eta0/bT0/bz1	1.1116027832031250e+00	9.6695203256482383e-11	1.1495945463340281e+10
/SS/5/PX-2PY-1PZ0/b_X/eta0/bT0/bz2	9.3592834472656250e-01	9.8028561120309297e-11	9.5475067065190182e+09
/SS/5/PX-2PY-1PZ0/b_X/eta0/bT0/bz3	7.6313591003417969e-01	9.8801947494734724e-11	7.5158768999050522e+09
/SS/5/PX-2PY-1PZ0/b_X/eta0/bT0/bz4	6.3921070098876953e-01	1.1782213805359049e-10	2.6212576622820182e+09
/SS/5/PX-2PY-1PZ0/b_X/eta0/bT0/bz5	5.4091453552246094e-01	2.8267616217140583e-10	1.5857247912256250e+08
/SS/5/PX-2PY-2PZ-1/b_X/eta0/bT0/bz-1	7.6120090484619141e-01	2.2137709165721301e-10	1.7902704837421141e+09
/SS/5/PX-2PY-2PZ-1/b_X/eta0/bT0/bz-2	6.4958572387695312e-01	4.7239664055684182e-10	1.2348504714964416e+09
/SS/5/PX-2PY-2PZ-1/b_X/eta0/bT0/bz-3	5.4236030578613281e-01	2.4323510770744113e-10	1.2922852720625212e+09
/SS/5/PX-2PY-2PZ-1/b_X/eta0/bT0/bz-4	4.3247032165527344e-01	2.9969663859031749e-10	1.2634273945091150e+09
/SS/5/PX-2PY-2PZ-1/b_X/eta0/bT0/bz-5	3.2774353027343750e-01	1.6933386266432340e-10	1.5282784957878532e+09
/SS/5/PX-2PY-2PZ-1/b_X/eta0/bT0/bz0	7.8691291809082031e-01	4.4243789105810854e-10	1.1244498664750745e+09
/SS/5/PX-2PY-2PZ-1/b_X/eta0/bT0/bz1	7.1130561828613281e-01	6.8926450717263182e-10	7.9108421362678099e+08
/SS/5/PX-2PY-2PZ-1/b_X/eta0/bT0/bz2	5.7760524749755859e-01	4.4864866311349968e-10	9.9853043467897260e+08
/SS/5/PX-2PY-2PZ-1/b_X/eta0/bT0/bz3	4.3459510803222656e-01	2.2012830067100159e-10	1.1775616259860752e+09
/SS/5/PX-2PY-2PZ-1/b_X/eta0/bT0/bz4	3.6414766311645508e-01	1.5400539417608040e-10	2.3645123929887209e+09
/SS/5/PX-2PY-2PZ-1/b_X/eta0/bT0/bz5	3.6425018310546875e-01	1.7714229388410648e-10	2.0562575719143374e+09
/SS/5/PX-2PY-2PZ-2/b_X/eta0/bT0/bz-1	3.4226226806640625e-01	6.5998079757510771e-11	5.1859428232448816e+09
/SS/5/PX-2PY-2PZ-2/b_X/eta0/bT0/bz-2	3.3532667160034180e-01	7.8520897386077269e-11	4.2705404900250082e+09
/SS/5/PX-2PY-2PZ-2/b_X/eta0/bT0/bz-3	3.3378791809082031e-01	1.1950626656642822e-10	2.7930578678506575e+09
/SS/5/PX-2PY-2PZ-2/b_X/eta0/bT0/bz-4	3.3669996261596680e-01	2.7248592873717611e-10	1.2356599996792047e+09
/SS/5/PX-2PY-2PZ-2/b_X/eta0/bT0/bz-5	2.6095438003540039e-01	8.9706703169906216e-11	1.8757223254158304e+09
/SS/5/PX-2PY-2PZ-2/b_X/eta0/bT0/bz0	3.3687782287597656e-01	6.3520405092592865e-11	5.3034583514527998e+09
/SS/5/PX-2PY-2PZ-2/b_X/eta0/bT0/bz1	2.9844951629638672e-01	6.1261553166268333e-11	4.8717262438053589e+09
/SS/5/PX-2PY-2PZ-2/b_X/eta0/bT0/bz2	2.4268198013305664e-01	5.7121910145223831e-11	4.2484920324981141e+09
/SS/5/PX-2PY-2PZ-2/b_X/eta0/bT0/bz3	1.8735885620117188e-01	5.2036630287489777e-11	3.6005186186357489e+09
/SS/5/PX-2PY-2PZ-2/b_X/eta0/bT0/bz4	1.3304615020751953e-01	4.2823344838535203e-11	3.1068603050314751e+09
/SS/5/PX-2PY-2PZ-2/b_X/eta0/bT0/bz5	8.8862419128417969e-02	5.8284194753297624e-11	1.2022295628508382e+09
/SS/5/PX-2PY-2PZ0/b_X/eta0/bT0/bz-1	9.2305755615234375e-01	5.6455885095618125e-11	6.3222607310804758e+09
/SS/5/PX-2PY-2PZ0/b_X/eta0/bT0/bz-2	8.3662796020507812e-01	8.3608961336165772e-11	4.0253517754376326e+09
/SS/5/PX-2PY-2PZ0/b_X/eta0/bT0/bz-3	6.9600296020507812e-01	1.2776032404062994e-10	2.2619028235338893e+09
/SS/5/PX-2PY-2PZ0/b_X/eta0/bT0/bz-4	5.2922821044921875e-01	7.7517631535626243e-11	2.0994455330175173e+09
/SS/5/PX-2PY-2PZ0/b_X/eta0/bT0/bz-5	3.6915969848632812e-01	7.6127923286737089e-11	2.3076654235657611e+09
/SS/5/PX-2PY-2PZ0/b_X/eta0/bT0/bz0	9.2021179199218750e-01	3.9143081820527381e-11	8.1168495448602448e+09
/SS/5/PX-2PY-2PZ0/b_X/eta0/bT0/bz1	8.2183837890625000e-01	3.4307983420979938e-11	2.2024583602025154e+10
/SS/5/PX-2PY-2PZ0/b_X/eta0/bT0/bz2	6.7073440551757812e-01	3.3345019512750605e-11	1.8535448153951614e+10
/SS/5/PX-2PY-2PZ0/b_X/eta0/bT0/bz3	5.1211166381835938e-01	3.2698548096359390e-11	1.4401471585710592e+10
/SS/5/PX-2PY-2PZ0/b_X/eta0/bT0/bz4	3.7248039245605469e-01	3.6904287169630138e-11	4.7394949947742033e+09
/SS/5/PX-2PY-2PZ0/b_X/eta0/bT0/bz5	3.0127048492431641e-01	6.2048016499319835e-11	3.5526541371311402e+09
/SS/5/PX-2PY0PZ-1/b_X/eta0/bT0/bz-1	1.4001512527465820e+00	2.1255609628484506e-10	6.2779044028637877e+09
/SS/5/PX-2PY0PZ-1/b_X/eta0/bT0/bz-2	1.2482085227966309e+00	4.7631167486575045e-10	2.6205709174532437e+09
/SS/5/PX-2PY0PZ-1/b_X/eta0/bT0/bz-3	8.6760950088500977e-01	2.0849088611941880e-10	4.1613785476841559e+09
/SS/5/PX-2PY0PZ-1/b_X/eta0/bT0/bz-4	7.7854681015014648e-01	3.4817660342000376e-10	2.2360687148498292e+09
/SS/5/PX-2PY0PZ-1/b_X/eta0/bT0/bz-5	4.0242910385131836e-01	1.0404564347193587e-10	3.8678131099248300e+09
/SS/5/PX-2PY0PZ-1/b_X/eta0/bT0/bz0	1.3824024200439453e+00	1.4590014424958062e-10	9.4749900841713448e+09
/SS/5/PX-2PY0PZ-1/b_X/eta0/bT0/bz1	1.1663246154785156e+00	1.6697589129062822e-10	4.2895067976429653e+09
/SS/5/PX-2PY0PZ-1/b_X/eta0/bT0/bz2	9.3372726440429688e-01	1.7187265356366615e-10	3.8834703200223918e+09
/SS/5/PX-2PY0PZ-1/b_X/eta0/bT0/bz3	9.2314624786376953e-01	1.3305599948554561e-10	6.9380279839546394e+09
/SS/5/PX-2PY0PZ-1/b_X/eta0/bT0/bz4	7.6943302154541016e-01	1.1143883319834531e-10	6.9045322843243399e+09
/SS/5/PX-2PY0PZ-1/b_X/eta0/bT0/bz5	5.6188488006591797e-01	1.1377746504703315e-10	4.7024533882171869e+09
/SS/5/PX-2PY0PZ-2/b_X/eta0/bT0/bz-1	7.2280216217041016e-01	1.2055725463066664e-10	5.9955094729450483e+09
/SS/5/PX-2PY0PZ-2/b_X/eta0/bT0/bz-2	5.6978607177734375e-01	1.2304112579168755e-10	4.6308587320796242e+09
/SS/5/PX-2PY0PZ-2/b_X/eta0/bT0/bz-3	4.4789505004882812e-01	1.3607000579563049e-10	3.1719183984804511e+09
/SS/5/PX-2PY0PZ-2/b_X/eta0/bT0/bz-4	3.7390136718750000e-01	1.5861234106145681e-10	1.2828521993012927e+09
/SS/5/PX-2PY0PZ-2/b_X/eta0/bT0/bz-5	3.3045387268066406e-01	9.4242364202867865e-11	1.3552658245514433e+09
/SS/5/PX-2PY0PZ-2/b_X/eta0/bT0/bz0	8.1742191314697266e-01	1.2708370626139230e-10	6.4321535560637274e+09
/SS/5/PX-2PY0PZ-2/b_X/eta0/bT0/bz1	7.4733829498291016e-01	1.2766769564004897e-10	5.8537775843466578e+09
/SS/5/PX-2PY0PZ-2/b_X/eta0/bT0/bz2	5.6405448913574219e-01	1.0244530279941772e-10	3.1091161661169534e+09
/SS/5/PX-2PY0PZ-2/b_X/eta0/bT0/bz3	4.4918441772460938e-01	3.8220405451870253e-10	5.7844212582964754e+08
/SS/5/PX-2PY0PZ-2/b_X/eta0/bT0/bz4	4.0115928649902344e-01	1.3213635102761867e-10	1.4918533465378909e+09
/SS/5/PX-2PY0PZ-2/b_X/eta0/bT0/bz5	3.6780643463134766e-01	6.5189358709733452e-11	5.6421238360246410e+09
/SS/5/PX-2PY0PZ0/b_X/eta0/bT0/bz-1	1.1372604370117188e+00	1.2373745456123387e-10	9.1909150793862782e+09
/SS/5/PX-2PY0PZ0/b_X/eta0/bT0/bz-2	9.6703720092773438e-01	1.6029729043041398e-10	6.0327732198787918e+09
/SS/5/PX-2PY0PZ0/b_X/eta0/bT0/bz-3	8.0949831008911133e-01	2.3491607127328022e-10	3.4459043423530345e+09
/SS/5/PX-2PY0PZ0/b_X/eta0/bT0/bz-4	6.5879964828491211e-01	2.7795343329351405e-10	2.3701799271866918e+09
/SS/5/PX-2PY0PZ0/b_X/eta0/bT0/bz-5	4.9342775344848633e-01	1.8543103526585382e-10	2.6609771807672615e+09
/SS/5/PX-2PY0PZ0/b_X/eta0/bT0/bz0	1.2401256561279297e+00	1.1002427933550493e-10	1.1271381767894390e+10
/SS/5/PX-2PY0PZ0/b_X/eta0/bT0/bz1	1.1847743988037109e+00	1.0699498633880376e-10	1.1073176784677340e+10
/SS/5/PX-2PY0PZ0/b_X/eta0/bT0/bz2	9.7336769104003906e-01	1.0906492714191084e-10	8.9246627357439365e+09
/SS/5/PX-2PY0PZ0/b_X/eta0/bT0/bz3	6.3438320159912109e-01	1.0388204532667192e-10	6.1067646444986000e+09
/SS/5/PX-2PY0PZ0/b_X/eta0/bT0/bz4	4.3125820159912109e-01	8.9148415045909551e-11	4.4463194510414572e+09
/SS/5/PX-2PY0PZ0/b_X/eta0/bT0/bz5	3.4923124313354492e-01	1.1007539928588133e-10	3.1726547929800568e+09
/SS/5/PX-2PY1PZ-1/b_X/eta0/bT0/bz-1	1.0564975738525391e+00	1.8037718729106491e-10	5.6759786409456062e+09
/SS/5/PX-2PY1PZ-1/b_X/eta0/bT0/bz-2	9.7148752212524414e-01	2.6052972687931387e-10	3.7288931814497695e+09
/SS/5/PX-2PY1PZ-1/b_X/eta0/bT0/bz-3	7.5166320800781250e-01	2.7711708927713413e-10	2.6180341892758899e+09
/SS/5/PX-2PY1PZ-1/b_X/eta0/bT0/bz-4	5.7633018493652344e-01	2.9145841410969327e-10	1.7618243970123739e+09
/SS/5/PX-2PY1PZ-1/b_X/eta0/bT0/bz-5	4.9256038665771484e-01	2.0672625432732877e-10	1.4350629658323574e+09
/SS/5/PX-2PY1PZ-1/b_X/eta0/bT0/bz0	1.0742225646972656e+00	1.9158671554087004e-10	5.4155482992759838e+09
/SS/5/PX-2PY1PZ-1/b_X/eta0/bT0/bz1	1.0445775985717773e+00	2.2746674230412387e-10	3.9528117223030081e+09
/SS/5/PX-2PY1PZ-1/b_X/eta0/bT0/bz2	9.5027065277099609e-01	2.2001946527044386e-10	1.9887909332420642e+09
/SS/5/PX-2PY1PZ-1/b_X/eta0/bT0/bz3	8.1605339050292969e-01	3.5282291763743704e-10	1.9407248352808106e+09
/SS/5/PX-2PY1PZ-1/b_X/eta0/bT0/bz4	7.3640537261962891e-01	1.4684143939877250e-09	4.3629770438427526e+08
/SS/5/PX-2PY1PZ-1/b_X/eta0/bT0/bz5	6.2156963348388672e-01	3.2122385027378814e-10	9.4499858704185307e+08
/SS/5/PX-2PY1PZ-2/b_X/eta0/bT0/bz-1	6.0569763183593750e-01	5.5307363172271475e-10	3.5308765657427037e+08
/SS/5/PX-2PY1PZ-2/b_X/eta0/bT0/bz-2	6.9656300544738770e-01	3.8613183076835982e-10	1.0831208432780552e+09
/SS/5/PX-2PY1PZ-2/b_X/eta0/bT0/bz-3	4.8828506469726562e-01	1.8657059908989220e-10	1.8451215544498038e+09
/SS/5/PX-2PY1PZ-2/b_X/eta0/bT0/bz-4	4.4066238403320312e-01	1.1822998193422114e-10	2.4031620427650943e+09
/SS/5/PX-2PY1PZ-2/b_X/eta0/bT0/bz-5	3.2859420776367188e-01	2.4980950905990999e-10	5.3107530298768210e+08
/SS/5/PX-2PY1PZ-2/b_X/eta0/bT0/bz0	4.8767805099487305e-01	3.5097158787532702e-10	1.0623171766730016e+09
/SS/5/PX-2PY1PZ-2/b_X/eta0/bT0/bz1	8.2816267013549805e-01	2.9866821034873470e-10	2.7728517513414249e+09
/SS/5/PX-2PY1PZ-2/b_X/eta0/bT0/bz2	6.7764663696289062e-01	2.9757236951500581e-10	2.2772498604871936e+09
/SS/5/PX-2PY1PZ-2/b_X/eta0/bT0/bz3	5.2125215530395508e-01	1.8686686617065587e-10	1.3040963497977076e+09
/SS/5/PX-2PY1PZ-2/b_X/eta0/bT0/bz4	6.2630367279052734e-01	1.2878047237862542e-10	4.8633434962805691e+09
/SS/5/PX-2PY1PZ-2/b_X/eta0/bT0/bz5	5.5436992645263672e-01	2.6279786103600121e-10	6.8642065967698741e+08
/SS/5/PX-2PY1PZ0/b_X/eta0/bT0/bz-1	1.0443077087402344e+00	3.0273663145461237e-10	3.4495584618302183e+09
/SS/5/PX-2PY1PZ0/b_X/eta0/bT0/bz-2	4.8448562622070312e-01	1.3673330909076585e-10	2.4707120628900843e+09
/SS/5/PX-2PY1PZ0/b_X/eta0/bT0/bz-3	3.9299964904785156e-01	1.0718166588508121e-10	3.3645058893421049e+09
/SS/5/PX-2PY1PZ0/b_X/eta0/bT0/bz-4	3.8675737380981445e-01	1.4431349385182634e-10	2.6799806690767045e+09
/SS/5/PX-2PY1PZ0/b_X/eta0/bT0/bz-5	3.6916327476501465e-01	2.0111847277663002e-10	1.8355513030124373e+09
/SS/5/PX-2PY1PZ0/b_X/eta0/bT0/bz0	1.1146516799926758e+00	2.1719778066917342e-10	5.1319662501085434e+09
/SS/5/PX-2PY1PZ0/b_X/eta0/bT0/bz1	9.7103309631347656e-01	1.7676131498782505e-10	5.4934706521071043e+09
/SS/5/PX-2PY1PZ0/b_X/eta0/bT0/bz2	7.1372413635253906e-01	1.6047675100393615e-10	4.4475235938384180e+09
/SS/5/PX-2PY1PZ0/b_X/eta0/bT0/bz3	4.8747539520263672e-01	1.5469054413304933e-10	2.8615030065579295e+09
/SS/5/PX-2PY1PZ0/b_X/eta0/bT0/bz4	3.9312171936035156e-01	1.6204046497497005e-10	1.5168330690617135e+09
/SS/5/PX-2PY1PZ0/b_X/eta0/bT0/bz5	2.9598951339721680e-01	1.9776481569150970e-10	8.5566026127685773e+08
/SS/5/PX-2PY2PZ-1/b_X/eta0/bT0/bz-1	6.7566108703613281e-01	1.4012047628814934e-10	3.4084790897249594e+09
/SS/5/PX-2PY2PZ-1/b_X/eta0/bT0/bz-2	5.7848834991455078e-01	1.3152185276445107e-10	3.1057353023210459e+09
/SS/5/PX-2PY2PZ-1/b_X/eta0/bT0/bz-3	4.7791671752929688e-01	1.4568332411422223e-10	2.1558877956129518e+09
/SS/5/PX-2PY2PZ-1/b_X/eta0/bT0/bz-4	4.0707302093505859e-01	1.8406131012388524e-10	1.8841086460820332e+09
/SS/5/PX-2PY2PZ-1/b_X/eta0/bT0/bz-5	4.0416002273559570e-01	4.0062213510095285e-10	8.1573718549046993e+08
/SS/5/PX-2PY2PZ-1/b_X/eta0/bT0/bz0	7.1821022033691406e-01	1.6716974615782753e-10	3.0321948932780442e+09
/SS/5/PX-2PY2PZ-1/b_X/eta0/bT0/bz1	7.0157623291015625e-01	1.3937843266057011e-10	2.9330707272182994e+09
/SS/5/PX-2PY2PZ-1/b_X/eta0/bT0/bz2	6.4226150512695312e-01	9.0362562381156119e-11	4.5245581697459707e+09
/SS/5/PX-2PY2PZ-1/b_X/eta0/bT0/bz3	5.6109619140625000e-01	9.6087344238060182e-11	1.8447542623577392e+09
/SS/5/PX-2PY2PZ-1/b_X/eta0/bT0/bz4	4.5051765441894531e-01	1.1298688912311805e-10	3.0693349285618124e+09
/SS/5/PX-2PY2PZ-1/b_X/eta0/bT0/bz5	3.2746696472167969e-01	1.9516201889141022e-10	6.4534096151132989e+08
/SS/5/PX-2PY2PZ-2/b_X/eta0/bT0/bz-1	5.8349800109863281e-01	2.4902115604651165e-10	2.3431663813722248e+09
/SS/5/PX-2PY2PZ-2/b_X/eta0/bT0/bz-2	4.1912627220153809e-01	2.9084612537714554e-10	1.4410584691752360e+09
/SS/5/PX-2PY2PZ-2/b_X/eta0/bT0/bz-3	3.2079410552978516e-01	1.5740955692959546e-09	9.4858667934995234e+07
/SS/5/PX-2PY2PZ-2/b_X/eta0/bT0/bz-4	2.8002357482910156e-01	5.3697544394527443e-10	2.4073246887280512e+08
/SS/5/PX-2PY2PZ-2/b_X/eta0/bT0/bz-5	2.3640775680541992e-01	1.4619058617931663e-10	9.6677620434280765e+08
/SS/5/PX-2PY2PZ-2/b_X/eta0/bT0/bz0	7.1818542480468750e-01	2.8916998632463155e-10	2.4836098446206980e+09
/SS/5/PX-2PY2PZ-2/b_X/eta0/bT0/bz1	7.4710202217102051e-01	3.5919167222792167e-10	2.0799536290389104e+09
/SS/5/PX-2PY2PZ-2/b_X/eta0/bT0/bz2	6.6151380538940430e-01	4.7903248623019216e-10	1.3809372524925654e+09
/SS/5/PX-2PY2PZ-2/b_X/eta0/bT0/bz3	5.1308846473693848e-01	1.9105681834677977e-09	1.7575852769122362e+08
/SS/5/PX-2PY2PZ-2/b_X/eta0/bT0/bz4	4.6404683589935303e-01	4.4570506210688369e-10	1.0411522671646723e+09
/SS/5/PX-2PY2PZ-2/b_X/eta0/bT0/bz5	3.5501003265380859e-01	1.5175124315285033e-10	1.0400173136701883e+09
/SS/5/PX-2PY2PZ0/b_X/eta0/bT0/bz-1	6.6008090972900391e-01	2.4010059664193800e-10	2.7491847957103686e+09
/SS/5/PX-2PY2PZ0/b_X/eta0/bT0/bz-2	4.4649887084960938e-01	3.0676180796356998e-10	1.3066552855807867e+09
/SS/5/PX-2PY2PZ0/b_X/eta0/bT0/bz-3	2.8321170806884766e-01	5.7237109996404959e-10	4.7660818319757724e+08
/SS/5/PX-2PY2PZ0/b_X/eta0/bT0/bz-4	2.7754020690917969e-01	1.5236614814978394e-10	1.3688251299005165e+09
/SS/5/PX-2PY2PZ0/b_X/eta0/bT0/bz-5	2.6041984558105469e-01	1.3403442112835107e-10	1.2906339056970034e+09
/SS/5/PX-2PY2PZ0/b_X/eta0/bT0/bz0	6.7890739440917969e-01	1.7016786944268444e-10	2.4914626127809439e+09
/SS/5/PX-2PY2PZ0/b_X/eta0/bT0/bz1	5.9455490112304688e-01	9.9702284261743717e-11	4.0306308036989298e+09
/SS/5/PX-2PY2PZ0/b_X/eta0/bT0/bz2	4.3285465240478516e-01	7.1583239857966881e-11	3.8363403572042861e+09
/SS/5/PX-2PY2PZ0/b_X/eta0/bT0/bz3	3.0968666076660156e-01	6.8003451877886247e-11	3.5760480697387385e+09
/SS/5/PX-2PY2PZ0/b_X/eta0/bT0/bz4	2.9999446868896484e-01	7.4121916667103075e-11	4.0473112701105981e+09
/SS/5/PX-2PY2PZ0/b_X/eta0/bT0/bz5	3.1968951225280762e-01	1.4889427985951488e-10	2.1470906239947021e+09
/SS/5/PX0PY-1PZ-1/b_X/eta0/bT0/bz-1	6.0096549987792969e-01	4.0930768849269138e-11	1.4682487448282089e+10
/SS/5/PX0PY-1PZ-1/b_X/eta0/bT0/bz-2	4.8118591308593750e-01	4.9445654590621181e-11	9.7316117476824455e+09
/SS/5/PX0PY-1PZ-1/b_X/eta0/bT0/bz-3	4.4011402130126953e-01	7.4358442465940132e-11	5.9188171067846622e+09
/SS/5/PX0PY-1PZ-1/b_X/eta0/bT0/bz-4	3.1639242172241211e-01	9.6394685340142496e-11	3.2822600188586745e+09
/SS/5/PX0PY-1PZ-1/b_X/eta0/bT0/bz-5	2.9218816757202148e-01	7.8017526695968557e-11	3.7451606061631265e+09
/SS/5/PX0PY-1PZ-1/b_X/eta0/bT0/bz0	6.8742179870605469e-01	4.5669965564620582e-11	1.5051944756415226e+10
/SS/5/PX0PY-1PZ-1/b_X/eta0/bT0/bz1	6.7712211608886719e-01	4.7477781566084664e-11	1.4261873528070726e+10
/SS/5/PX0PY-1PZ-1/b_X/eta0/bT0/bz2	6.0453987121582031e-01	4.7781665773385484e-11	1.2652130507190285e+10
/SS/5/PX0PY-1PZ-1/b_X/eta0/bT0/bz3	5.0968551635742188e-01	4.6374694574780995e-11	1.0990595647708994e+10
/SS/5/PX0PY-1PZ-1/b_X/eta0/bT0/bz4	3.9487648010253906e-01	6.2944219501005891e-11	3.5648119817855921e+09
/SS/5/PX0PY-1PZ-1/b_X/eta0/bT0/bz5	2.9914569854736328e-01	8.5547886587823054e-11	2.1268020035617917e+09
/SS/5/PX0PY-1PZ-2/b_X/eta0/bT0/bz-1	6.2593460083007812e-01	6.7154424985284092e-11	9.3208243681223164e+09
/SS/5/PX0PY-1PZ-2/b_X/eta0/bT0/bz-2	5.4750442504882812e-01	7.7545175298824121e-11	6.4617391910238018e+09
/SS/5/PX0PY-1PZ-2/b_X/eta0/bT0/bz-3	5.2357101440429688e-01	1.0650224855622075e-10	3.6746355156177855e+09
/SS/5/PX0PY-1PZ-2/b_X/eta0/bT0/bz-4	4.5216751098632812e-01	1.2015762127782256e-10	2.3015983635672836e+09
/SS/5/PX0PY-1PZ-2/b_X/eta0/bT0/bz-5	3.5579299926757812e-01	9.8370017227570100e-11	2.7155476342129431e+09
/SS/5/PX0PY-1PZ-2/b_X/eta0/bT0/bz0	7.0438003540039062e-01	7.5592647831255890e-11	5.1930724627566404e+09
/SS/5/PX0PY-1PZ-2/b_X/eta0/bT0/bz1	6.8784141540527344e-01	1.4552117194242552e-10	3.4971785218967261e+09
/SS/5/PX0PY-1PZ-2/b_X/eta0/bT0/bz2	5.7050323486328125e-01	3.0840048066914518e-10	1.3142316647646322e+09
/SS/5/PX0PY-1PZ-2/b_X/eta0/bT0/bz3	4.7085595130920410e-01	3.6160848764721761e-10	1.3021153191751611e+09
/SS/5/PX0PY-1PZ-2/b_X/eta0/bT0/bz4	3.0366611480712891e-01	8.8329792511305879e-11	2.5029825871986680e+09
/SS/5/PX0PY-1PZ-2/b_X/eta0/bT0/bz5	2.6354885101318359e-01	8.4753680830050926e-11	1.0663795940351073e+09
/SS/5/PX0PY-1PZ0/b_X/eta0/bT0/bz-1	1.7341003417968750e+00	2.5589795094528394e-11	6.7765307826464783e+10
/SS/5/PX0PY-1PZ0/b_X/eta0/bT0/bz-2	1.4597167968750000e+00	2.6567668218191078e-11	5.4943353887396156e+10
/SS/5/PX0PY-1PZ0/b_X/eta0/bT0/bz-3	1.1178817749023438e+00	2.7498280595712349e-11	4.0652788126565582e+10
/SS/5/PX0PY-1PZ0/b_X/eta0/bT0/bz-4	7.9537963867187500e-01	2.7909939736504176e-11	2.8498077967240330e+10
/SS/5/PX0PY-1PZ0/b_X/eta0/bT0/bz-5	5.3400421142578125e-01	2.9473718249261834e-11	1.8101930148504623e+10
/SS/5/PX0PY-1PZ0/b_X/eta0/bT0/bz0	1.8350219726562500e+00	2.5201610990908381e-11	7.2451001591386734e+10
/SS/5/PX0PY-1PZ0/b_X/eta0/bT0/bz1	1.7828750610351562e+00	2.6704154891214906e-11	6.6763957455237946e+10
/SS/5/PX0PY-1PZ0/b_X/eta0/bT0/bz2	1.5756835937500000e+00	2.9296852029247152e-11	5.3783375503176567e+10
/SS/5/PX0PY-1PZ0/b_X/eta0/bT0/bz3	1.3122558593750000e+00	3.3291248771767194e-11	3.9417441753878120e+10
/SS/5/PX0PY-1PZ0/b_X/eta0/bT0/bz4	1.0615959167480469e+00	3.9116142710069162e-11	2.7139585940685658e+10
/SS/5/PX0PY-1PZ0/b_X/eta0/bT0/bz5	8.4206008911132812e-01	4.6768625371053427e-11	1.8004807334630486e+10
/SS/5/PX0PY-2PZ-1/b_X/eta0/bT0/bz-1	1.0410995483398438e+00	5.8936188746513806e-11	1.7664860427565853e+10
/SS/5/PX0PY-2PZ-1/b_X/eta0/bT0/bz-2	8.1293869018554688e-01	4.9142585266264822e-11	1.6542448586717096e+10
/SS/5/PX0PY-2PZ-1/b_X/eta0/bT0/bz-3	5.4402351379394531e-01	3.6238236720197504e-11	1.5012416801470144e+10
/SS/5/PX0PY-2PZ-1/b_X/eta0/bT0/bz-4	3.1500816345214844e-01	2.5492317599798676e-11	1.0496496887781832e+10
/SS/5/PX0PY-2PZ-1/b_X/eta0/bT0/bz-5	1.9677066802978516e-01	3.5581159988611195e-11	4.7894171333226614e+09
/SS/5/PX0PY-2PZ-1/b_X/eta0/bT0/bz0	1.1166992187500000e+00	6.1185111628535088e-11	1.8251159293941723e+10
/SS/5/PX0PY-2PZ-1/b_X/eta0/bT0/bz1	9.9895858764648438e-01	5.7168023547296870e-11	9.6992881918235550e+09
/SS/5/PX0PY-2PZ-1/b_X/eta0/bT0/bz2	7.6000022888183594e-01	6.0226066065120374e-11	8.1812169295391140e+09
/SS/5/PX0PY-2PZ-1/b_X/eta0/bT0/bz3	5.7693481445312500e-01	6.4942803514095200e-11	6.3983879446849909e+09
/SS/5/PX0PY-2PZ-1/b_X/eta0/bT0/bz4	4.5672035217285156e-01	7.0917836845447297e-11	4.7447551285846624e+09
/SS/5/PX0PY-2PZ-1/b_X/eta0/bT0/bz5	3.8928699493408203e-01	1.0810112077951507e-10	1.7811866667564094e+09
/SS/5/PX0PY-2PZ-2/b_X/eta0/bT0/bz-1	3.9723205566406250e-01	9.2404584446729419e-11	4.2116874618995461e+09
/SS/5/PX0PY-2PZ-2/b_X/eta0/bT0/bz-2	3.7428188323974609e-01	6.2678257941703179e-11	5.9714787157592087e+09
/SS/5/PX0PY-2PZ-2/b_X/eta0/bT0/bz-3	2.7390289306640625e-01	3.1132683851462452e-11	7.4295944458379879e+09
/SS/5/PX0PY-2PZ-2/b_X/eta0/bT0/bz-4	1.9193267822265625e-01	7.6387998206906307e-11	1.9442438193571260e+09
/SS/5/PX0PY-2PZ-2/b_X/eta0/bT0/bz-5	1.8281269073486328e-01	1.0984566335046418e-10	1.2183073494145012e+09
/SS/5/PX0PY-2PZ-2/b_X/eta0/bT0/bz0	3.9962196350097656e-01	1.5973681958670904e-10	2.2715918963957567e+09
/SS/5/PX0PY-2PZ-2/b_X/eta0/bT0/bz1	3.3562088012695312e-01	7.5590350729607605e-11	4.4399963340227690e+09
/SS/5/PX0PY-2PZ-2/b_X/eta0/bT0/bz2	3.8816165924072266e-01	6.7976554214925119e-11	5.7102285298759203e+09
/SS/5/PX0PY-2PZ-2/b_X/eta0/bT0/bz3	3.1057643890380859e-01	5.3069481169037849e-11	5.8522606979057331e+09
/SS/5/PX0PY-2PZ-2/b_X/eta0/bT0/bz4	1.8428230285644531e-01	3.3939455904443014e-11	4.8608103629195576e+09
/SS/5/PX0PY-2PZ-2/b_X/eta0/bT0/bz5	1.1509609222412109e-01	2.0333810939298849e-11	5.6603305975308647e+09
/SS/5/PX0PY-2PZ0/b_X/eta0/bT0/bz-1	1.1049957275390625e+00	6.1801410158336505e-11	1.4501691357685698e+10
/SS/5/PX0PY-2PZ0/b_X/eta0/bT0/bz-2	8.9139366149902344e-01	1.0426307175172971e-10	4.4780303156396437e+09
/SS/5/PX0PY-2PZ0/b_X/eta0/bT0/bz-3	6.3800048828125000e-01	1.5061287107174675e-10	3.5187733258249445e+09
/SS/5/PX0PY-2PZ0/b_X/eta0/bT0/bz-4	4.2943477630615234e-01	9.0215088668861818e-11	4.1659347570109000e+09
/SS/5/PX0PY-2PZ0/b_X/eta0/bT0/bz-5	2.7557277679443359e-01	5.3550816210401613e-11	4.9153103225451841e+09
/SS/5/PX0PY-2PZ0/b_X/eta0/bT0/bz0	1.1829872131347656e+00	5.9328324733574158e-11	1.5032247711956270e+10
/SS/5/PX0PY-2PZ0/b_X/eta0/bT0/bz1	1.0791358947753906e+00	5.6303346724505941e-11	1.9166460922041397e+10
/SS/5/PX0PY-2PZ0/b_X/eta0/bT0/bz2	8.6635208129882812e-01	5.3165195121680389e-11	1.6292317420009182e+10
/SS/5/PX0PY-2PZ0/b_X/eta0/bT0/bz3	6.7451477050781250e-01	4.8309806515218864e-11	1.3179788409078396e+10
/SS/5/PX0PY-2PZ0/b_X/eta0/bT0/bz4	5.1804924011230469e-01	4.1877638412581691e-11	1.2370545707674440e+10
/SS/5/PX0PY-2PZ0/b_X/eta0/bT0/bz5	4.0159606933593750e-01	4.3789825122872407e-11	9.1709904803016644e+09
/SS/5/PX0PY0PZ-1/b_X/eta0/bT0/bz-1	1.8427276611328125e+00	8.1044671606878104e-11	2.2737184624194637e+10
/SS/5/PX0PY0PZ-1/b_X/eta0/bT0/bz-2	1.5218315124511719e+00	8.7860777119610999e-11	1.1390804110013521e+10
/SS/5/PX0PY0PZ-1/b_X/eta0/bT0/bz-3	1.1707992553710938e+00	1.0569411127297418e-10	7.1606524659474735e+09
/SS/5/PX0PY0PZ-1/b_X/eta0/bT0/bz-4	8.5976791381835938e-01	1.3095781552082439e-10	3.8060694707477012e+09
/SS/5/PX0PY0PZ-1/b_X/eta0/bT0/bz-5	6.0433006286621094e-01	1.1349965552548778e-10	5.3245101059403744e+09
/SS/5/PX0PY0PZ-1/b_X/eta0/bT0/bz0	1.9984588623046875e+00	8.0585008212276327e-11	2.4799387710433243e+10
/SS/5/PX0PY0PZ-1/b_X/eta0/bT0/bz1	1.8949623107910156e+00	8.1148738664570159e-11	2.3351716144644936e+10
/SS/5/PX0PY0PZ-1/b_X/eta0/bT0/bz2	1.5949707031250000e+00	8.1873231421752312e-11	1.9480979013871483e+10
/SS/5/PX0PY0PZ-1/b_X/eta0/bT0/bz3	1.2313957214355469e+00	8.2856797745332556e-11	1.4861734401326332e+10
/SS/5/PX0PY0PZ-1/b_X/eta0/bT0/bz4	8.9716911315917969e-01	8.4204765093574763e-11	1.0654612148875149e+10
/SS/5/PX0PY0PZ-1/b_X/eta0/bT0/bz5	6.3009357452392578e-01	8.5032905097514041e-11	7.4099970335171661e+09
/SS/5/PX0PY0PZ-2/b_X/eta0/bT0/bz-1	1.0484275817871094e+00	4.5133126773017858e-11	2.3229668687920280e+10
/SS/5/PX0PY0PZ-2/b_X/eta0/bT0/bz-2	8.6274337768554688e-01	5.1190871172754931e-11	1.6853461523911720e+10
/SS/5/PX0PY0PZ-2/b_X/eta0/bT0/bz-3	6.0637855529785156e-01	5.4405204080488680e-11	1.1145598395343891e+10
/SS/5/PX0PY0PZ-2/b_X/eta0/bT0/bz-4	3.4163284301757812e-01	7.0975137224217490e-11	2.8766980908122916e+09
/SS/5/PX0PY0PZ-2/b_X/eta0/bT0/bz-5	2.6319122314453125e-01	1.7711069861935368e-10	1.3936696269265273e+09
/SS/5/PX0PY0PZ-2/b_X/eta0/bT0/bz0	1.1043281555175781e+00	3.9887622321316184e-11	2.7685986059074234e+10
/SS/5/PX0PY0PZ-2/b_X/eta0/bT0/bz1	9.7826766967773438e-01	3.4378284655836281e-11	2.8455976773455952e+10
/SS/5/PX0PY0PZ-2/b_X/eta0/bT0/bz2	7.3940658569335938e-01	2.8335351003162189e-11	2.6094844761613949e+10
/SS/5/PX0PY0PZ-2/b_X/eta0/bT0/bz3	4.8436355590820312e-01	2.4491674266647636e-11	1.9148346578221256e+10
/SS/5/PX0PY0PZ-2/b_X/eta0/bT0/bz4	3.5723876953125000e-01	2.7960396746648029e-11	5.2080588739312792e+09
/SS/5/PX0PY0PZ-2/b_X/eta0/bT0/bz5	2.6833915710449219e-01	3.3946621985386250e-11	3.0755334852073793e+09
/SS/5/PX0PY0PZ0/b_X/eta0/bT0/bz-1	4.1832351684570312e+00	9.6597598603996637e-11	4.3305788434827133e+10
/SS/5/PX0PY0PZ0/b_X/eta0/bT0/bz-2	3.5965957641601562e+00	9.9186121566615022e-11	3.6261078741188843e+10
/SS/5/PX0PY0PZ0/b_X/eta0/bT0/bz-3	2.8748168945312500e+00	1.0508948581288931e-10	2.7355894572077652e+10
/SS/5/PX0PY0PZ0/b_X/eta0/bT0/bz-4	2.1924324035644531e+00	1.1533314746402534e-10	1.9009560146169735e+10
/SS/5/PX0PY0PZ0/b_X/eta0/bT0/bz-5	1.6061916351318359e+00	1.2761897300605338e-10	1.2585837335140200e+10
/SS/5/PX0PY0PZ0/b_X/eta0/bT0/bz0	4.3695449829101562e+00	9.5767930936563736e-11	4.5626390172348236e+10
/SS/5/PX0PY0PZ0/b_X/eta0/bT0/bz1	4.0967407226562500e+00	9.5834527677714572e-11	4.1907542850333679e+10
/SS/5/PX0PY0PZ0/b_X/eta0/bT0/bz2	3.5174636840820312e+00	9.6814722712249836e-11	3.4297266507168869e+10
/SS/5/PX0PY0PZ0/b_X/eta0/bT0/bz3	2.8300476074218750e+00	9.9569121533256407e-11	2.8422944421344826e+10
/SS/5/PX0PY0PZ0/b_X/eta0/bT0/bz4	2.1761932373046875e+00	1.0611038959964563e-10	2.0508766818362103e+10
/SS/5/PX0PY0PZ0/b_X/eta0/bT0/bz5	1.6010169982910156e+00	1.0703754412211965e-10	1.4957527393046385e+10
/SS/5/PX0PY1PZ-1/b_X/eta0/bT0/bz-1	1.1390609741210938e+00	6.2333563234928394e-11	1.8273638069238834e+10
/SS/5/PX0PY1PZ-1/b_X/eta0/bT0/bz-2	1.0071773529052734e+00	5.9687002675286268e-11	1.6874316145251850e+10
/SS/5/PX0PY1PZ-1/b_X/eta0/bT0/bz-3	8.5096740722656250e-01	5.7700007316312376e-11	1.4748133437168306e+10
/SS/5/PX0PY1PZ-1/b_X/eta0/bT0/bz-4	7.0114707946777344e-01	5.9381599127287049e-11	9.8726241990849190e+09
/SS/5/PX0PY1PZ-1/b_X/eta0/bT0/bz-5	5.6283378601074219e-01	1.0819052092533542e-10	1.4623743797124579e+09
/SS/5/PX0PY1PZ-1/b_X/eta0/bT0/bz0	1.1853065490722656e+00	6.5178650911590372e-11	1.1369589958486416e+10
/SS/5/PX0PY1PZ-1/b_X/eta0/bT0/bz1	1.1062889099121094e+00	7.8600154484514210e-11	1.1284929765311678e+10
/SS/5/PX0PY1PZ-1/b_X/eta0/bT0/bz2	9.2922210693359375e-01	7.4331733085274103e-11	1.1432175353796116e+10
/SS/5/PX0PY1PZ-1/b_X/eta0/bT0/bz3	7.1670913696289062e-01	6.9592094199423277e-11	9.3180728406105843e+09
/SS/5/PX0PY1PZ-1/b_X/eta0/bT0/bz4	5.4602336883544922e-01	7.4327674041984397e-11	7.3461651514485025e+09
/SS/5/PX0PY1PZ-1/b_X/eta0/bT0/bz5	4.3977737426757812e-01	7.2562373476090690e-11	6.0606806696101913e+09
/SS/5/PX0PY1PZ-2/b_X/eta0/bT0/bz-1	6.4672565460205078e-01	2.7526828902605935e-10	2.3494375501452184e+09
/SS/5/PX0PY1PZ-2/b_X/eta0/bT0/bz-2	5.3446292877197266e-01	1.3588024343074964e-10	3.9333380282348237e+09
/SS/5/PX0PY1PZ-2/b_X/eta0/bT0/bz-3	5.1936721801757812e-01	9.2573176691561399e-11	5.6103423969993410e+09
/SS/5/PX0PY1PZ-2/b_X/eta0/bT0/bz-4	3.3201694488525391e-01	5.3155392210554349e-11	3.6843797425629463e+09
/SS/5/PX0PY1PZ-2/b_X/eta0/bT0/bz-5	2.1536445617675781e-01	1.0959744630647482e-10	1.9650499481029830e+09
/SS/5/PX0PY1PZ-2/b_X/eta0/bT0/bz0	4.6509552001953125e-01	5.0611140225807996e-11	6.6735535973788567e+09
/SS/5/PX0PY1PZ-2/b_X/eta0/bT0/bz1	4.5822095870971680e-01	1.6577591079236125e-10	2.7640985745127397e+09
/SS/5/PX0PY1PZ-2/b_X/eta0/bT0/bz2	4.5647430419921875e-01	6.0828149347220742e-11	5.1458746290272379e+09
/SS/5/PX0PY1PZ-2/b_X/eta0/bT0/bz3	3.5928916931152344e-01	3.8441690932806948e-11	9.3463414483908272e+09
/SS/5/PX0PY1PZ-2/b_X/eta0/bT0/bz4	2.1110916137695312e-01	2.2985197840034275e-11	9.1845701240498142e+09
/SS/5/PX0PY1PZ-2/b_X/eta0/bT0/bz5	1.4622783660888672e-01	2.8458785836435847e-11	5.1382317379707355e+09
/SS/5/PX0PY1PZ0/b_X/eta0/bT0/bz-1	2.0626373291015625e+00	6.2521717098629007e-11	2.1909684326873936e+10
/SS/5/PX0PY1PZ0/b_X/eta0/bT0/bz-2	1.7160949707031250e+00	6.9683466948529969e-11	1.9073030057485947e+10
/SS/5/PX0PY1PZ0/b_X/eta0/bT0/bz-3	1.3183593750000000e+00	7.9376989024528026e-11	1.5399480890884647e+10
/SS/5/PX0PY1PZ0/b_X/eta0/bT0/bz-4	1.0715541839599609e+00	8.9517524809206634e-11	1.1970328561293671e+10
/SS/5/PX0PY1PZ0/b_X/eta0/bT0/bz-5	8.8909721374511719e-01	9.4438343036887039e-11	9.4145787098132515e+09
/SS/5/PX0PY1PZ0/b_X/eta0/bT0/bz0	2.2190093994140625e+00	5.9016585582926088e-11	2.2680210871844662e+10
/SS/5/PX0PY1PZ0/b_X/eta0/bT0/bz1	2.0976104736328125e+00	5.9385367047792592e-11	2.1006753109608925e+10
/SS/5/PX0PY1PZ0/b_X/eta0/bT0/bz2	1.7681427001953125e+00	6.1327465812831368e-11	1.7979019880193481e+10
/SS/5/PX0PY1PZ0/b_X/eta0/bT0/bz3	1.3683471679687500e+00	6.1138198691220220e-11	1.4942336140504105e+10
/SS/5/PX0PY1PZ0/b_X/eta0/bT0/bz4	1.0038299560546875e+00	5.7094157008439196e-11	1.2430470950414991e+10
/SS/5/PX0PY1PZ0/b_X/eta0/bT0/bz5	7.3905944824218750e-01	5.1154814497160324e-11	1.0353448817442390e+10
/SS/5/PX0PY2PZ-1/b_X/eta0/bT0/bz-1	5.9546089172363281e-01	5.9627902417218911e-11	9.9862793689633465e+09
/SS/5/PX0PY2PZ-1/b_X/eta0/bT0/bz-2	6.6427040100097656e-01	1.9790868332383587e-10	3.2962434145668840e+09
/SS/5/PX0PY2PZ-1/b_X/eta0/bT0/bz-3	6.2876605987548828e-01	8.4086658134021122e-11	7.4775960161638546e+09
/SS/5/PX0PY2PZ-1/b_X/eta0/bT0/bz-4	5.0626659393310547e-01	8.8596412360105331e-11	3.6269939719269137e+09
/SS/5/PX0PY2PZ-1/b_X/eta0/bT0/bz-5	3.6689758300781250e-01	3.0700988331120605e-10	6.4823963597529542e+08
/SS/5/PX0PY2PZ-1/b_X/eta0/bT0/bz0	6.6574478149414062e-01	5.0745997149946702e-11	7.3827919746242132e+09
/SS/5/PX0PY2PZ-1/b_X/eta0/bT0/bz1	6.9901847839355469e-01	4.7726597816563426e-11	7.0482015478229828e+09
/SS/5/PX0PY2PZ-1/b_X/eta0/bT0/bz2	6.5282630920410156e-01	5.5002679319086859e-11	1.1868991061632879e+10
/SS/5/PX0PY2PZ-1/b_X/eta0/bT0/bz3	5.6657695770263672e-01	6.6664781919080475e-11	8.4988946396069098e+09
/SS/5/PX0PY2PZ-1/b_X/eta0/bT0/bz4	4.7943019866943359e-01	8.3188370556095368e-11	5.7631877564682608e+09
/SS/5/PX0PY2PZ-1/b_X/eta0/bT0/bz5	4.1358947753906250e-01	1.1161392240434142e-10	3.7055366268802967e+09
/SS/5/PX0PY2PZ-2/b_X/eta0/bT0/bz-1	6.7197275161743164e-01	4.9801942428227505e-10	1.3492902462305579e+09
/SS/5/PX0PY2PZ-2/b_X/eta0/bT0/bz-2	7.1051859855651855e-01	5.4820489880521178e-10	1.2960821767646773e+09
/SS/5/PX0PY2PZ-2/b_X/eta0/bT0/bz-3	5.9077572822570801e-01	3.9321997215783994e-10	1.5024051931639130e+09
/SS/5/PX0PY2PZ-2/b_X/eta0/bT0/bz-4	4.0644359588623047e-01	2.2875615407164344e-10	1.7767548048518846e+09
/SS/5/PX0PY2PZ-2/b_X/eta0/bT0/bz-5	2.8196144104003906e-01	1.3027352653760382e-10	1.8378139671624353e+09
/SS/5/PX0PY2PZ-2/b_X/eta0/bT0/bz0	4.9078631401062012e-01	3.8276548224107701e-10	1.2488591928243825e+09
/SS/5/PX0PY2PZ-2/b_X/eta0/bT0/bz1	4.1995120048522949e-01	2.4660715095641131e-10	1.7029157461839271e+09
/SS/5/PX0PY2PZ-2/b_X/eta0/bT0/bz2	3.9205884933471680e-01	1.9510286665043547e-10	2.0094981486723416e+09
/SS/5/PX0PY2PZ-2/b_X/eta0/bT0/bz3	3.2525825500488281e-01	1.4795932191586150e-10	2.1982951178286967e+09
/SS/5/PX0PY2PZ-2/b_X/eta0/bT0/bz4	3.0510520935058594e-01	1.5532676036825968e-10	1.3620488382865684e+09
/SS/5/PX0PY2PZ-2/b_X/eta0/bT0/bz5	3.0281066894531250e-01	3.0251226102505024e-10	7.8587932823364198e+08
/SS/5/PX0PY2PZ0/b_X/eta0/bT0/bz-1	1.6710700988769531e+00	2.4274637611735500e-10	5.8105581880138016e+09
/SS/5/PX0PY2PZ0/b_X/eta0/bT0/bz-2	1.3048882484436035e+00	3.0851438503457485e-10	4.2295864042040248e+09
/SS/5/PX0PY2PZ0/b_X/eta0/bT0/bz-3	9.3473052978515625e-01	3.0389801240773797e-10	2.2500961366436782e+09
/SS/5/PX0PY2PZ0/b_X/eta0/bT0/bz-4	7.4686050415039062e-01	1.2121410583392100e-10	2.9182853913325100e+09
/SS/5/PX0PY2PZ0/b_X/eta0/bT0/bz-5	5.7172012329101562e-01	1.3925169524462017e-10	2.1655402914702678e+09
/SS/5/PX0PY2PZ0/b_X/eta0/bT0/bz0	1.8224067687988281e+00	2.1698972105970329e-10	6.8833056242874126e+09
/SS/5/PX0PY2PZ0/b_X/eta0/bT0/bz1	1.7226371765136719e+00	2.4167522807262868e-10	4.2305592019907365e+09
/SS/5/PX0PY2PZ0/b_X/eta0/bT0/bz2	1.4458589553833008e+00	3.2126553359293975e-10	2.7090773946371222e+09
/SS/5/PX0PY2PZ0/b_X/eta0/bT0/bz3	1.1350040435791016e+00	3.8716914273266944e-10	1.5645384850196674e+09
/SS/5/PX0PY2PZ0/b_X/eta0/bT0/bz4	8.9359331130981445e-01	5.3169377234130659e-10	1.2149826647578044e+09
/SS/5/PX0PY2PZ0/b_X/eta0/bT0/bz5	7.3834800720214844e-01	5.3122179013097998e-09	1.0798543286904040e+08
/SS/5/PX1PY-1PZ-1/b_X/eta0/bT0/bz-1	7.2306442260742188e-01	1.1361229793570398e-10	3.3177894273516393e+09
/SS/5/PX1PY-1PZ-1/b_X/eta0/bT0/bz-2	5.6244468688964844e-01	3.2437135143434209e-10	1.0679831852505885e+09
/SS/5/PX1PY-1PZ-1/b_X/eta0/bT0/bz-3	4.0385341644287109e-01	1.2450420960526261e-10	2.5681695889515710e+09
/SS/5/PX1PY-1PZ-1/b_X/eta0/bT0/bz-4	3.1158638000488281e-01	1.1249755909714508e-10	2.0369569018424573e+09
/SS/5/PX1PY-1PZ-1/b_X/eta0/bT0/bz-5	2.9627037048339844e-01	8.3888179020095432e-11	1.6645809215241919e+09
/SS/5/PX1PY-1PZ-1/b_X/eta0/bT0/bz0	7.8635787963867188e-01	1.1476905722228385e-10	6.0680592381134100e+09
/SS/5/PX1PY-1PZ-1/b_X/eta0/bT0/bz1	7.5449180603027344e-01	1.2402089574502016e-10	6.0835861690715837e+09
/SS/5/PX1PY-1PZ-1/b_X/eta0/bT0/bz2	6.6313552856445312e-01	1.2556267628443202e-10	5.2813108814460058e+09
/SS/5/PX1PY-1PZ-1/b_X/eta0/bT0/bz3	4.3375253677368164e-01	1.0913005419217605e-10	3.9746387004431543e+09
/SS/5/PX1PY-1PZ-1/b_X/eta0/bT0/bz4	2.6557826995849609e-01	4.6021993728194287e-11	2.7410524945778112e+09
/SS/5/PX1PY-1PZ-1/b_X/eta0/bT0/bz5	2.4379539489746094e-01	4.5616756619542318e-11	5.3444263240981598e+09
/SS/5/PX1PY-1PZ-2/b_X/eta0/bT0/bz-1	5.3494262695312500e-01	4.5706094748068707e-11	8.4679577057506933e+09
/SS/5/PX1PY-1PZ-2/b_X/eta0/bT0/bz-2	4.2219734191894531e-01	3.7693191225050940e-11	6.1199758331750765e+09
/SS/5/PX1PY-1PZ-2/b_X/eta0/bT0/bz-3	2.5841903686523438e-01	3.5817865364010154e-11	3.3875561362729449e+09
/SS/5/PX1PY-1PZ-2/b_X/eta0/bT0/bz-4	2.4019622802734375e-01	6.3972669869962920e-11	7.8874608372424698e+08
/SS/5/PX1PY-1PZ-2/b_X/eta0/bT0/bz-5	2.2438430786132812e-01	1.1770592785391352e-10	7.9417442255643427e+08
/SS/5/PX1PY-1PZ-2/b_X/eta0/bT0/bz0	5.6590652465820312e-01	5.1619012775770191e-11	9.2536260279922752e+09
/SS/5/PX1PY-1PZ-2/b_X/eta0/bT0/bz1	5.2185440063476562e-01	5.8745316824843867e-11	8.2488933734094448e+09
/SS/5/PX1PY-1PZ-2/b_X/eta0/bT0/bz2	4.2794227600097656e-01	6.5372762412545662e-11	6.4498453982191229e+09
/SS/5/PX1PY-1PZ-2/b_X/eta0/bT0/bz3	3.1373023986816406e-01	6.1788674557530859e-11	4.6950367479745903e+09
/SS/5/PX1PY-1PZ-2/b_X/eta0/bT0/bz4	2.2985267639160156e-01	7.6548554042104232e-11	2.3073810405921402e+09
/SS/5/PX1PY-1PZ-2/b_X/eta0/bT0/bz5	2.2802495956420898e-01	1.0279111164195470e-10	2.2183334329379845e+09
/SS/5/PX1PY-1PZ0/b_X/eta0/bT0/bz-1	6.0377883911132812e-01	3.7477976799963344e-11	1.5796681537653049e+10
/SS/5/PX1PY-1PZ0/b_X/eta0/bT0/bz-2	4.8817062377929688e-01	3.7455104819735409e-11	1.1892136492897335e+10
/SS/5/PX1PY-1PZ0/b_X/eta0/bT0/bz-3	4.1105651855468750e-01	3.3354254718270659e-11	8.6105662624331245e+09
/SS/5/PX1PY-1PZ0/b_X/eta0/bT0/bz-4	3.7868309020996094e-01	3.6404231885891170e-11	3.6633340637416101e+09
/SS/5/PX1PY-1PZ0/b_X/eta0/bT0/bz-5	3.7882995605468750e-01	5.3566684908702248e-11	4.1370787237524614e+09
/SS/5/PX1PY-1PZ0/b_X/eta0/bT0/bz0	6.9303131103515625e-01	3.9845235926044192e-11	6.4714239821000853e+09
/SS/5/PX1PY-1PZ0/b_X/eta0/bT0/bz1	6.8214416503906250e-01	6.8776497025910161e-11	4.4654836530195913e+09
/SS/5/PX1PY-1PZ0/b_X/eta0/bT0/bz2	5.9422302246093750e-01	8.9961526192761330e-11	3.8341064267384238e+09
/SS/5/PX1PY-1PZ0/b_X/eta0/bT0/bz3	4.8048210144042969e-01	8.9064807697552056e-11	3.1745061328757391e+09
/SS/5/PX1PY-1PZ0/b_X/eta0/bT0/bz4	4.3344402313232422e-01	6.9323436661343649e-11	6.0540872229310894e+09
/SS/5/PX1PY-1PZ0/b_X/eta0/bT0/bz5	4.2498874664306641e-01	8.9745055847649709e-11	4.4008942037344933e+09
/SS/5/PX1PY-2PZ-1/b_X/eta0/bT0/bz-1	1.0321054458618164e+00	2.6049949294077445e-10	3.7313193466043205e+09
/SS/5/PX1PY-2PZ-1/b_X/eta0/bT0/bz-2	8.6709213256835938e-01	2.0502461228066094e-10	3.1368862418217645e+09
/SS/5/PX1PY-2PZ-1/b_X/eta0/bT0/bz-3	6.5779590606689453e-01	1.2627884852618007e-10	3.4083670235297265e+09
/SS/5/PX1PY-2PZ-1/b_X/eta0/bT0/bz-4	4.4977951049804688e-01	1.3727781688993769e-10	2.5835342487466135e+09
/SS/5/PX1PY-2PZ-1/b_X/eta0/bT0/bz-5	3.4881973266601562e-01	1.2481997175580612e-10	2.1081444654814198e+09
/SS/5/PX1PY-2PZ-1/b_X/eta0/bT0/bz0	1.1515531539916992e+00	2.4696034265793547e-10	4.6629071760995827e+09
/SS/5/PX1PY-2PZ-1/b_X/eta0/bT0/bz1	1.1133432388305664e+00	2.1923857320753117e-10	5.0782269859815044e+09
/SS/5/PX1PY-2PZ-1/b_X/eta0/bT0/bz2	9.4344139099121094e-01	1.9334517258808715e-10	4.8795704509321718e+09
/SS/5/PX1PY-2PZ-1/b_X/eta0/bT0/bz3	7.3236751556396484e-01	1.6620976121976904e-10	4.4062846260611610e+09
/SS/5/PX1PY-2PZ-1/b_X/eta0/bT0/bz4	5.4090023040771484e-01	1.4610506127160422e-10	2.2239750143443947e+09
/SS/5/PX1PY-2PZ-1/b_X/eta0/bT0/bz5	3.9474868774414062e-01	1.3749975039663976e-10	2.0530165747355592e+09
/SS/5/PX1PY-2PZ-2/b_X/eta0/bT0/bz-1	9.5781898498535156e-01	3.6776515793882159e-10	2.4702336332396526e+09
/SS/5/PX1PY-2PZ-2/b_X/eta0/bT0/bz-2	7.7375411987304688e-01	3.4285395040986368e-10	2.2568038634178343e+09
/SS/5/PX1PY-2PZ-2/b_X/eta0/bT0/bz-3	5.1945686340332031e-01	3.1346576992859920e-10	1.6320883532559407e+09
/SS/5/PX1PY-2PZ-2/b_X/eta0/bT0/bz-4	4.1816806793212891e-01	3.6499879336649390e-10	9.1035307746114159e+08
/SS/5/PX1PY-2PZ-2/b_X/eta0/bT0/bz-5	3.0143880844116211e-01	4.5109704924680476e-10	6.6823493734768045e+08
/SS/5/PX1PY-2PZ-2/b_X/eta0/bT0/bz0	1.0481595993041992e+00	2.7929061822394515e-10	2.3443368952936497e+09
/SS/5/PX1PY-2PZ-2/b_X/eta0/bT0/bz1	9.2516708374023438e-01	1.4470401971849379e-10	6.3935133629324751e+09
/SS/5/PX1PY-2PZ-2/b_X/eta0/bT0/bz2	6.3870000839233398e-01	1.6857444994385916e-10	3.7888304461621680e+09
/SS/5/PX1PY-2PZ-2/b_X/eta0/bT0/bz3	4.3576955795288086e-01	1.5027211764669238e-10	2.6871094439804034e+09
/SS/5/PX1PY-2PZ-2/b_X/eta0/bT0/bz4	4.1415023803710938e-01	3.0997719834717003e-10	9.3116802875153828e+08
/SS/5/PX1PY-2PZ-2/b_X/eta0/bT0/bz5	3.8305020332336426e-01	2.2073761221013373e-10	1.7353191397155967e+09
/SS/5/PX1PY-2PZ0/b_X/eta0/bT0/bz-1	1.0630722045898438e+00	1.5532020442350228e-10	4.3187169310764284e+09
/SS/5/PX1PY-2PZ0/b_X/eta0/bT0/bz-2	9.4365310668945312e-01	8.8849204757598982e-11	5.3989719746371889e+09
/SS/5/PX1PY-2PZ0/b_X/eta0/bT0/bz-3	8.0061721801757812e-01	9.1359665257136993e-11	3.4357401823230567e+09
/SS/5/PX1PY-2PZ0/b_X/eta0/bT0/bz-4	6.5015602111816406e-01	8.1889926942109588e-11	2.2713691589635253e+09
/SS/5/PX1PY-2PZ0/b_X/eta0/bT0/bz-5	4.8708343505859375e-01	5.9006505864717051e-11	6.6767458503562193e+09
/SS/5/PX1PY-2PZ0/b_X/eta0/bT0/bz0	1.1021938323974609e+00	2.2910965586351575e-10	3.6091555060369773e+09
/SS/5/PX1PY-2PZ0/b_X/eta0/bT0/bz1	1.0369033813476562e+00	1.6418797647459886e-10	4.2289288793782477e+09
/SS/5/PX1PY-2PZ0/b_X/eta0/bT0/bz2	9.0184020996093750e-01	1.2574124783422111e-10	4.3231947070496788e+09
/SS/5/PX1PY-2PZ0/b_X/eta0/bT0/bz3	7.6349258422851562e-01	1.3655778395120242e-10	3.0208417493320222e+09
/SS/5/PX1PY-2PZ0/b_X/eta0/bT0/bz4	6.4104461669921875e-01	1.3017702701369047e-10	1.3859747129056594e+09
/SS/5/PX1PY-2PZ0/b_X/eta0/bT0/bz5	5.4359817504882812e-01	9.9058648360333265e-11	2.9704674266389318e+09
/SS/5/PX1PY0PZ-1/b_X/eta0/bT0/bz-1	2.0301589965820312e+00	1.3065468500151738e-10	5.8462044405443106e+09
/SS/5/PX1PY0PZ-1/b_X/eta0/bT0/bz-2	1.6730079650878906e+00	1.7100042193464767e-10	4.5049901976486740e+09
/SS/5/PX1PY0PZ-1/b_X/eta0/bT0/bz-3	1.2685394287109375e+00	1.9289607363041317e-10	3.5549440480276055e+09
/SS/5/PX1PY0PZ-1/b_X/eta0/bT0/bz-4	9.0353202819824219e-01	1.6636111732938761e-10	3.1870313552849927e+09
/SS/5/PX1PY0PZ-1/b_X/eta0/bT0/bz-5	6.0057449340820312e-01	1.1442630177054897e-10	3.3160610216389318e+09
/SS/5/PX1PY0PZ-1/b_X/eta0/bT0/bz0	2.1834716796875000e+00	1.6066356024270302e-10	8.1630361899353256e+09
/SS/5/PX1PY0PZ-1/b_X/eta0/bT0/bz1	2.0349502563476562e+00	1.8700921702218241e-10	6.7841251043776474e+09
/SS/5/PX1PY0PZ-1/b_X/eta0/bT0/bz2	1.6692924499511719e+00	2.0230409119963736e-10	5.0651102967028255e+09
/SS/5/PX1PY0PZ-1/b_X/eta0/bT0/bz3	1.2479820251464844e+00	1.8661490338256610e-10	3.3432200759886923e+09
/SS/5/PX1PY0PZ-1/b_X/eta0/bT0/bz4	8.8638496398925781e-01	1.2980913925569496e-10	4.3830224773415499e+09
/SS/5/PX1PY0PZ-1/b_X/eta0/bT0/bz5	6.2804412841796875e-01	1.6898746290632492e-10	1.5112838377287543e+09
/SS/5/PX1PY0PZ-2/b_X/eta0/bT0/bz-1	1.2789421081542969e+00	7.2095739086022833e-11	1.5452183085734835e+10
/SS/5/PX1PY0PZ-2/b_X/eta0/bT0/bz-2	1.0273456573486328e+00	6.9827010907231481e-11	1.2790599757183475e+10
/SS/5/PX1PY0PZ-2/b_X/eta0/bT0/bz-3	7.3633575439453125e-01	7.0959423982235893e-11	1.0376856421197371e+10
/SS/5/PX1PY0PZ-2/b_X/eta0/bT0/bz-4	5.1110076904296875e-01	7.0396932622865551e-11	6.5240803619521227e+09
/SS/5/PX1PY0PZ-2/b_X/eta0/bT0/bz-5	3.6244964599609375e-01	6.4006601962658014e-11	4.1413579998657317e+09
/SS/5/PX1PY0PZ-2/b_X/eta0/bT0/bz0	1.3877639770507812e+00	7.2164244692894038e-11	1.6597370972417936e+10
/SS/5/PX1PY0PZ-2/b_X/eta0/bT0/bz1	1.2903518676757812e+00	6.7680024328274788e-11	1.6048129154597361e+10
/SS/5/PX1PY0PZ-2/b_X/eta0/bT0/bz2	1.0572929382324219e+00	5.8288658280237367e-11	1.4412348325026194e+10
/SS/5/PX1PY0PZ-2/b_X/eta0/bT0/bz3	7.9671287536621094e-01	6.3425640963858752e-11	1.1866280066389002e+10
/SS/5/PX1PY0PZ-2/b_X/eta0/bT0/bz4	5.6897926330566406e-01	7.2733177557897001e-11	7.5988512696679840e+09
/SS/5/PX1PY0PZ-2/b_X/eta0/bT0/bz5	4.0285778045654297e-01	9.2656475562800293e-11	4.3478642805002422e+09
/SS/5/PX1PY0PZ0/b_X/eta0/bT0/bz-1	1.3466720581054688e+00	1.0733942506634828e-10	9.0301198438068790e+09
/SS/5/PX1PY0PZ0/b_X/eta0/bT0/bz-2	1.1678218841552734e+00	1.2417091267451647e-10	9.4049553071775475e+09
/SS/5/PX1PY0PZ0/b_X/eta0/bT0/bz-3	9.5857143402099609e-01	1.6225615213220111e-10	5.9077663399781771e+09
/SS/5/PX1PY0PZ0/b_X/eta0/bT0/bz-4	7.1800994873046875e-01	2.2423364432642689e-10	3.2020616303467364e+09
/SS/5/PX1PY0PZ0/b_X/eta0/bT0/bz-5	3.0046415328979492e-01	9.7061560479753518e-11	3.0956039837466865e+09
/SS/5/PX1PY0PZ0/b_X/eta0/bT0/bz0	1.4264144897460938e+00	1.0568363471134305e-10	9.7622823868210449e+09
/SS/5/PX1PY0PZ0/b_X/eta0/bT0/bz1	1.3817024230957031e+00	1.0267794905874812e-10	9.4041707714160633e+09
/SS/5/PX1PY0PZ0/b_X/eta0/bT0/bz2	1.2350921630859375e+00	9.8455002720473201e-11	8.2804074265292768e+09
/SS/5/PX1PY0PZ0/b_X/eta0/bT0/bz3	1.0449771881103516e+00	9.4287905641756863e-11	1.1082833805649483e+10
/SS/5/PX1PY0PZ0/b_X/eta0/bT0/bz4	8.5946369171142578e-01	1.0064704636835419e-10	8.5393831485715761e+09
/SS/5/PX1PY0PZ0/b_X/eta0/bT0/bz5	6.9610786437988281e-01	1.0858004782235139e-10	6.3051651654544764e+09
/SS/5/PX1PY1PZ-1/b_X/eta0/bT0/bz-1	9.6572494506835938e-01	3.4385169248452828e-11	1.4893387905641964e+10
/SS/5/PX1PY1PZ-1/b_X/eta0/bT0/bz-2	7.9911422729492188e-01	3.5067001266422715e-11	1.3336699836839758e+10
/SS/5/PX1PY1PZ-1/b_X/eta0/bT0/bz-3	6.0687637329101562e-01	3.8224265360215920e-11	1.1122863056656195e+10
/SS/5/PX1PY1PZ-1/b_X/eta0/bT0/bz-4	4.3783187866210938e-01	4.3153584561125286e-11	8.8318596863892918e+09
/SS/5/PX1PY1PZ-1/b_X/eta0/bT0/bz-5	3.2709312438964844e-01	4.8907728967311422e-11	6.6879638718916693e+09
/SS/5/PX1PY1PZ-1/b_X/eta0/bT0/bz0	1.0364303588867188e+00	3.6117441127913836e-11	1.5027666192540524e+10
/SS/5/PX1PY1PZ-1/b_X/eta0/bT0/bz1	9.6897506713867188e-01	3.9458351028627651e-11	1.3551683803757139e+10
/SS/5/PX1PY1PZ-1/b_X/eta0/bT0/bz2	8.1466293334960938e-01	4.1268240827953395e-11	1.1419945269790031e+10
/SS/5/PX1PY1PZ-1/b_X/eta0/bT0/bz3	6.3897323608398438e-01	3.7914919762982877e-11	9.5576403435210018e+09
/SS/5/PX1PY1PZ-1/b_X/eta0/bT0/bz4	5.1444244384765625e-01	3.4655107618681551e-11	1.3696377300107401e+10
/SS/5/PX1PY1PZ-1/b_X/eta0/bT0/bz5	4.3476486206054688e-01	6.0968263360796702e-11	4.6852129923920031e+09
/SS/5/PX1PY1PZ-2/b_X/eta0/bT0/bz-1	1.4522056579589844e+00	5.8867187398354942e-11	2.1647610666940636e+10
/SS/5/PX1PY1PZ-2/b_X/eta0/bT0/bz-2	1.1850967407226562e+00	5.6224929437914208e-11	1.7094139563710569e+10
/SS/5/PX1PY1PZ-2/b_X/eta0/bT0/bz-3	9.0258979797363281e-01	5.9317627991528904e-11	1.5216215289366102e+10
/SS/5/PX1PY1PZ-2/b_X/eta0/bT0/bz-4	6.6603660583496094e-01	7.1726369644842461e-11	9.2857983630411282e+09
/SS/5/PX1PY1PZ-2/b_X/eta0/bT0/bz-5	4.7890472412109375e-01	9.9280235973369876e-11	4.8237669806662350e+09
/SS/5/PX1PY1PZ-2/b_X/eta0/bT0/bz0	1.5672760009765625e+00	6.0701574401548856e-11	2.3684884988962078e+10
/SS/5/PX1PY1PZ-2/b_X/eta0/bT0/bz1	1.4360313415527344e+00	6.1128657620760915e-11	1.7437599380136028e+10
/SS/5/PX1PY1PZ-2/b_X/eta0/bT0/bz2	1.1392211914062500e+00	6.6008883349567310e-11	1.3344702516452101e+10
/SS/5/PX1PY1PZ-2/b_X/eta0/bT0/bz3	8.1363677978515625e-01	7.2435637337949776e-11	9.0005735330483208e+09
/SS/5/PX1PY1PZ-2/b_X/eta0/bT0/bz4	5.4138565063476562e-01	8.1250257715217235e-11	5.4738736756928310e+09
/SS/5/PX1PY1PZ-2/b_X/eta0/bT0/bz5	3.7140274047851562e-01	9.3514329434395831e-11	3.0291193790103116e+09
/SS/5/PX1PY1PZ0/b_X/eta0/bT0/bz-1	2.4522895812988281e+00	3.3076387274543905e-10	4.6226828887317181e+09
/SS/5/PX1PY1PZ0/b_X/eta0/bT0/bz-2	2.0954751968383789e+00	2.6314732551945732e-10	3.8272428326111522e+09
/SS/5/PX1PY1PZ0/b_X/eta0/bT0/bz-3	1.6187467575073242e+00	2.2710924632614612e-10	7.1276127400937300e+09
/SS/5/PX1PY1PZ0/b_X/eta0/bT0/bz-4	1.1364660263061523e+00	2.7077548398400819e-10	3.2935120189694600e+09
/SS/5/PX1PY1PZ0/b_X/eta0/bT0/bz-5	7.0796012878417969e-01	4.0093792907190304e-10	1.5003149637331851e+09
/SS/5/PX1PY1PZ0/b_X/eta0/bT0/bz0	2.5605411529541016e+00	4.0177024919271357e-10	4.5312948834448481e+09
/SS/5/PX1PY1PZ0/b_X/eta0/bT0/bz1	2.3869037628173828e+00	6.6963535422941970e-10	2.8902988023785372e+09
/SS/5/PX1PY1PZ0/b_X/eta0/bT0/bz2	1.9666900634765625e+00	8.6325456365720045e-10	1.3283864533819520e+09
/SS/5/PX1PY1PZ0/b_X/eta0/bT0/bz3	1.4775257110595703e+00	1.8851839589517230e-10	2.6099493669104481e+09
/SS/5/PX1PY1PZ0/b_X/eta0/bT0/bz4	1.0493469238281250e+00	2.2840595349860935e-10	3.6693291300633569e+09
/SS/5/PX1PY1PZ0/b_X/eta0/bT0/bz5	7.1185302734375000e-01	1.3724077129597579e-10	3.2107561349730129e+09
/SS/5/PX1PY2PZ-1/b_X/eta0/bT0/bz-1	1.0284500122070312e+00	1.9484748606413314e-10	2.4510725047135110e+09
/SS/5/PX1PY2PZ-1/b_X/eta0/bT0/bz-2	8.7205886840820312e-01	1.6036237336048042e-10	2.0195967060575938e+09
/SS/5/PX1PY2PZ-1/b_X/eta0/bT0/bz-3	7.0064544677734375e-01	8.5294447117275688e-11	4.5285595883754902e+09
/SS/5/PX1PY2PZ-1/b_X/eta0/bT0/bz-4	5.3670406341552734e-01	1.3002801886192372e-10	1.5490622791554496e+09
/SS/5/PX1PY2PZ-1/b_X/eta0/bT0/bz-5	3.9833641052246094e-01	1.2414851218956832e-10	1.4864131431783292e+09
/SS/5/PX1PY2PZ-1/b_X/eta0/bT0/bz0	1.0935592651367188e+00	1.5295775764491622e-10	1.9894152360462980e+09
/SS/5/PX1PY2PZ-1/b_X/eta0/bT0/bz1	1.0098628997802734e+00	1.2658108514493222e-10	2.4627723648446159e+09
/SS/5/PX1PY2PZ-1/b_X/eta0/bT0/bz2	8.1643486022949219e-01	9.3824594044396975e-11	3.0033425494381099e+09
/SS/5/PX1PY2PZ-1/b_X/eta0/bT0/bz3	5.9769248962402344e-01	7.5837031307653264e-11	5.6693404043672943e+09
/SS/5/PX1PY2PZ-1/b_X/eta0/bT0/bz4	4.1232109069824219e-01	1.6073713052333778e-10	1.3449545761321199e+09
/SS/5/PX1PY2PZ-1/b_X/eta0/bT0/bz5	3.6906719207763672e-01	1.6755170326376889e-10	1.1550953237977412e+09
/SS/5/PX1PY2PZ-2/b_X/eta0/bT0/bz-1	6.7135238647460938e-01	1.3387305927601093e-10	3.9192967330655980e+09
/SS/5/PX1PY2PZ-2/b_X/eta0/bT0/bz-2	6.1296463012695312e-01	1.2837197850710401e-10	2.4801576147954507e+09
/SS/5/PX1PY2PZ-2/b_X/eta0/bT0/bz-3	5.3842926025390625e-01	1.9056792059765310e-10	1.0969851477216914e+09
/SS/5/PX1PY2PZ-2/b_X/eta0/bT0/bz-4	5.1107788085937500e-01	4.1234237758411252e-10	7.5479507871218741e+08
/SS/5/PX1PY2PZ-2/b_X/eta0/bT0/bz-5	4.8476696014404297e-01	1.1544550398974917e-10	1.6138891972034221e+09
/SS/5/PX1PY2PZ-2/b_X/eta0/bT0/bz0	7.8859710693359375e-01	1.2669620711271964e-10	5.1693179353534975e+09
/SS/5/PX1PY2PZ-2/b_X/eta0/bT0/bz1	7.8456878662109375e-01	1.2443618870552290e-10	5.3705525608828316e+09
/SS/5/PX1PY2PZ-2/b_X/eta0/bT0/bz2	6.6357707977294922e-01	1.2631934024783209e-10	4.6053227626622000e+09
/SS/5/PX1PY2PZ-2/b_X/eta0/bT0/bz3	4.9952697753906250e-01	1.3130248244657985e-10	3.4083261657754898e+09
/SS/5/PX1PY2PZ-2/b_X/eta0/bT0/bz4	3.5699272155761719e-01	1.2307123282555252e-10	2.4208764905584521e+09
/SS/5/PX1PY2PZ-2/b_X/eta0/bT0/bz5	2.6215696334838867e-01	1.9876928569306069e-10	8.3773479291653931e+08
/SS/5/PX1PY2PZ0/b_X/eta0/bT0/bz-1	8.8720893859863281e-01	7.0338193865481864e-11	1.2613473418088810e+10
/SS/5/PX1PY2PZ0/b_X/eta0/bT0/bz-2	8.2076835632324219e-01	7.3456328005095676e-11	1.1173555480016716e+10
/SS/5/PX1PY2PZ0/b_X/eta0/bT0/bz-3	6.7328071594238281e-01	7.4506912092258540e-11	7.2522827316542311e+09
/SS/5/PX1PY2PZ0/b_X/eta0/bT0/bz-4	5.0433158874511719e-01	9.8517926427272421e-11	6.1241370964930499e+08
/SS/5/PX1PY2PZ0/b_X/eta0/bT0/bz-5	4.3768978118896484e-01	6.7915690063146816e-11	2.2197363885826368e+09
/SS/5/PX1PY2PZ0/b_X/eta0/bT0/bz0	8.5202407836914062e-01	6.7046490954103264e-11	1.2447829417978308e+10
/SS/5/PX1PY2PZ0/b_X/eta0/bT0/bz1	7.9022216796875000e-01	6.5562380204839551e-11	1.0244499138989695e+10
/SS/5/PX1PY2PZ0/b_X/eta0/bT0/bz2	6.7140579223632812e-01	6.2928600017768139e-11	7.1050241430107508e+09
/SS/5/PX1PY2PZ0/b_X/eta0/bT0/bz3	5.4899215698242188e-01	6.0418795966747274e-11	3.6029229889192600e+09
/SS/5/PX1PY2PZ0/b_X/eta0/bT0/bz4	4.4403839111328125e-01	1.5427376761875559e-10	1.1953060848597999e+09
/SS/5/PX1PY2PZ0/b_X/eta0/bT0/bz5	4.4641685485839844e-01	1.0869801615537616e-10	1.7664287723839791e+09
/SS/5/PX2PY-1PZ-1/b_X/eta0/bT0/bz-1	1.2545928955078125e+00	1.0739747741515958e-10	1.0762760482142433e+10
/SS/5/PX2PY-1PZ-1/b_X/eta0/bT0/bz-2	1.1222095489501953e+00	1.1174530046309759e-10	8.7758283654935246e+09
/SS/5/PX2PY-1PZ-1/b_X/eta0/bT0/bz-3	9.0001678466796875e-01	9.8351895668855894e-11	7.2424810914498930e+09
/SS/5/PX2PY-1PZ-1/b_X/eta0/bT0/bz-4	6.2015724182128906e-01	7.2548128389937506e-11	8.5482183425603781e+09
/SS/5/PX2PY-1PZ-1/b_X/eta0/bT0/bz-5	3.2426643371582031e-01	6.1438567882546696e-11	4.3291210658196115e+09
/SS/5/PX2PY-1PZ-1/b_X/eta0/bT0/bz0	1.2499885559082031e+00	9.5735149983894356e-11	1.2263793189019728e+10
/SS/5/PX2PY-1PZ-1/b_X/eta0/bT0/bz1	1.0947799682617188e+00	8.1968612861610173e-11	1.2151577766900450e+10
/SS/5/PX2PY-1PZ-1/b_X/eta0/bT0/bz2	8.6576271057128906e-01	6.6949433962480065e-11	1.0447544171487585e+10
/SS/5/PX2PY-1PZ-1/b_X/eta0/bT0/bz3	6.5490245819091797e-01	7.7231325284570277e-11	8.4797516522969494e+09
/SS/5/PX2PY-1PZ-1/b_X/eta0/bT0/bz4	5.1546192169189453e-01	9.9480036963683091e-11	5.1815614210122662e+09
/SS/5/PX2PY-1PZ-1/b_X/eta0/bT0/bz5	4.4936180114746094e-01	1.3974965983139083e-10	3.2154768869535699e+09
/SS/5/PX2PY-1PZ-2/b_X/eta0/bT0/bz-1	5.0502586364746094e-01	1.0250231981947238e-10	4.9269700874762163e+09
/SS/5/PX2PY-1PZ-2/b_X/eta0/bT0/bz-2	4.9544429779052734e-01	1.0757178019518626e-10	4.6057088289471111e+09
/SS/5/PX2PY-1PZ-2/b_X/eta0/bT0/bz-3	4.2208957672119141e-01	1.3443931311231372e-10	5.1101357168287081e+08
/SS/5/PX2PY-1PZ-2/b_X/eta0/bT0/bz-4	3.3642387390136719e-01	7.8023904577366947e-11	4.3118051541214008e+09
/SS/5/PX2PY-1PZ-2/b_X/eta0/bT0/bz-5	2.6430797576904297e-01	7.1321503858696531e-11	3.7058665545344467e+09
/SS/5/PX2PY-1PZ-2/b_X/eta0/bT0/bz0	4.5046043395996094e-01	8.3466615135288544e-11	5.3968935152075243e+09
/SS/5/PX2PY-1PZ-2/b_X/eta0/bT0/bz1	3.6536216735839844e-01	6.6988452191382159e-11	5.4541067214776020e+09
/SS/5/PX2PY-1PZ-2/b_X/eta0/bT0/bz2	2.6323413848876953e-01	5.1541048373824815e-11	5.1072717143730688e+09
/SS/5/PX2PY-1PZ-2/b_X/eta0/bT0/bz3	2.5410175323486328e-01	4.0700637846364577e-11	6.2431884776361046e+09
/SS/5/PX2PY-1PZ-2/b_X/eta0/bT0/bz4	3.0172729492187500e-01	5.1177900241586765e-11	5.8956560057673826e+09
/SS/5/PX2PY-1PZ-2/b_X/eta0/bT0/bz5	3.0139827728271484e-01	6.4187449124376862e-11	4.2295034441054082e+09
/SS/5/PX2PY-1PZ0/b_X/eta0/bT0/bz-1	1.1826210021972656e+00	5.8265168332038413e-11	2.0297221067959652e+10
/SS/5/PX2PY-1PZ0/b_X/eta0/bT0/bz-2	1.0378875732421875e+00	5.7975915115628383e-11	1.7902047275531620e+10
/SS/5/PX2PY-1PZ0/b_X/eta0/bT0/bz-3	8.4716415405273438e-01	5.8072962056710039e-11	1.4587927394257114e+10
/SS/5/PX2PY-1PZ0/b_X/eta0/bT0/bz-4	6.5080642700195312e-01	5.7731492221172928e-11	1.1272988138062902e+10
/SS/5/PX2PY-1PZ0/b_X/eta0/bT0/bz-5	4.7407436370849609e-01	5.6795418992154824e-11	7.0321187003812904e+09
/SS/5/PX2PY-1PZ0/b_X/eta0/bT0/bz0	1.2446212768554688e+00	6.0680549811099644e-11	2.0511041523684471e+10
/SS/5/PX2PY-1PZ0/b_X/eta0/bT0/bz1	1.2435073852539062e+00	6.7687632058045168e-11	1.8002405381908440e+10
/SS/5/PX2PY-1PZ0/b_X/eta0/bT0/bz2	1.2408523559570312e+00	8.0873085429205271e-11	1.4066931892789566e+10
/SS/5/PX2PY-1PZ0/b_X/eta0/bT0/bz3	1.1339969635009766e+00	9.5548362943813577e-11	1.0439833524642633e+10
/SS/5/PX2PY-1PZ0/b_X/eta0/bT0/bz4	9.5980453491210938e-01	9.5483719405632775e-11	7.9839446525797930e+09
/SS/5/PX2PY-1PZ0/b_X/eta0/bT0/bz5	7.6319980621337891e-01	9.4872426248999571e-11	4.1174566908033371e+09
/SS/5/PX2PY-2PZ-1/b_X/eta0/bT0/bz-1	4.6396636962890625e-01	3.8630741732521457e-11	9.2279734606428509e+09
/SS/5/PX2PY-2PZ-1/b_X/eta0/bT0/bz-2	3.4059715270996094e-01	4.8937637527649046e-11	1.4185713343983006e+09
/SS/5/PX2PY-2PZ-1/b_X/eta0/bT0/bz-3	2.5258255004882812e-01	5.3414223419318158e-11	2.5271442377857704e+09
/SS/5/PX2PY-2PZ-1/b_X/eta0/bT0/bz-4	2.0732307434082031e-01	3.6035560446763695e-11	3.8669985668093429e+09
/SS/5/PX2PY-2PZ-1/b_X/eta0/bT0/bz-5	1.9494724273681641e-01	3.0511207478198675e-11	4.6615981242452345e+09
/SS/5/PX2PY-2PZ-1/b_X/eta0/bT0/bz0	5.3153419494628906e-01	9.5069974414872099e-11	2.0905731336573541e+09
/SS/5/PX2PY-2PZ-1/b_X/eta0/bT0/bz1	5.2453422546386719e-01	2.8396700729581441e-10	3.8420517416222882e+08
/SS/5/PX2PY-2PZ-1/b_X/eta0/bT0/bz2	4.5606994628906250e-01	1.1143420150435787e-10	2.0493340020334196e+09
/SS/5/PX2PY-2PZ-1/b_X/eta0/bT0/bz3	3.7411880493164062e-01	6.5766871273717806e-11	3.2133697521013594e+09
/SS/5/PX2PY-2PZ-1/b_X/eta0/bT0/bz4	3.6786460876464844e-01	8.6988766883108220e-11	2.4835680094882979e+09
/SS/5/PX2PY-2PZ-1/b_X/eta0/bT0/bz5	3.9274024963378906e-01	1.2995711781861370e-10	1.3858708307958114e+09
/SS/5/PX2PY-2PZ-2/b_X/eta0/bT0/bz-1	7.2048568725585938e-01	1.2266339540352899e-10	1.5286161335408928e+09
/SS/5/PX2PY-2PZ-2/b_X/eta0/bT0/bz-2	7.0182991027832031e-01	2.1538239905934872e-10	1.9817767392106864e+09
/SS/5/PX2PY-2PZ-2/b_X/eta0/bT0/bz-3	5.5769920349121094e-01	2.2166522730725909e-10	2.2710603455599594e+09
/SS/5/PX2PY-2PZ-2/b_X/eta0/bT0/bz-4	4.1943740844726562e-01	1.0897770453957722e-10	2.9265195303408470e+09
/SS/5/PX2PY-2PZ-2/b_X/eta0/bT0/bz-5	3.5195302963256836e-01	9.3644993987038791e-11	3.7583752707729516e+09
/SS/5/PX2PY-2PZ-2/b_X/eta0/bT0/bz0	6.2811088562011719e-01	3.0345872985085487e-10	1.6537743837117238e+09
/SS/5/PX2PY-2PZ-2/b_X/eta0/bT0/bz1	6.0833334922790527e-01	3.1222080065964803e-10	1.9484074986120148e+09
/SS/5/PX2PY-2PZ-2/b_X/eta0/bT0/bz2	5.3280162811279297e-01	2.6864559696454410e-10	1.9832881466622818e+09
/SS/5/PX2PY-2PZ-2/b_X/eta0/bT0/bz3	4.2046999931335449e-01	2.2015090180619174e-10	1.6689004747196014e+09
/SS/5/PX2PY-2PZ-2/b_X/eta0/bT0/bz4	3.5212898254394531e-01	2.3562397535014218e-10	4.8432978167213726e+08
/SS/5/PX2PY-2PZ-2/b_X/eta0/bT0/bz5	2.5588613748550415e-01	6.7267755054797597e-10	3.8039940128380144e+08
/SS/5/PX2PY-2PZ0/b_X/eta0/bT0/bz-1	8.2282638549804688e-01	5.1070079177273543e-10	1.0728189183969209e+09
/SS/5/PX2PY-2PZ0/b_X/eta0/bT0/bz-2	7.3657274246215820e-01	1.8896615288103480e-10	3.8979083356048088e+09
/SS/5/PX2PY-2PZ0/b_X/eta0/bT0/bz-3	3.4195709228515625e-01	1.3418519000617677e-10	2.5483966767824035e+09
/SS/5/PX2PY-2PZ0/b_X/eta0/bT0/bz-4	2.8289508819580078e-01	5.5781504374759065e-11	4.1631086687146549e+09
/SS/5/PX2PY-2PZ0/b_X/eta0/bT0/bz-5	2.9803943634033203e-01	6.1397043831635130e-11	4.8542961963710337e+09
/SS/5/PX2PY-2PZ0/b_X/eta0/bT0/bz0	6.5584373474121094e-01	4.1608216373219563e-10	1.2119397187080224e+09
/SS/5/PX2PY-2PZ0/b_X/eta0/bT0/bz1	5.1669502258300781e-01	7.8918041294038769e-11	4.9915914539196053e+09
/SS/5/PX2PY-2PZ0/b_X/eta0/bT0/bz2	4.4777679443359375e-01	3.6019628765002116e-10	1.2431466114072468e+09
/SS/5/PX2PY-2PZ0/b_X/eta0/bT0/bz3	3.9575457572937012e-01	3.6046459320952317e-10	1.0979013838935752e+09
/SS/5/PX2PY-2PZ0/b_X/eta0/bT0/bz4	3.2310056686401367e-01	2.6212117074095894e-10	1.2326381953456082e+09
/SS/5/PX2PY-2PZ0/b_X/eta0/bT0/bz5	2.7819299697875977e-01	6.2814397333195358e-10	4.4288094575372744e+08
/SS/5/PX2PY0PZ-1/b_X/eta0/bT0/bz-1	1.1557250022888184e+00	4.4497963137261602e-10	2.5818699262744641e+09
/SS/5/PX2PY0PZ-1/b_X/eta0/bT0/bz-2	1.0140161514282227e+00	1.9003471214393405e-10	3.8133480701080894e+09
/SS/5/PX2PY0PZ-1/b_X/eta0/bT0/bz-3	8.2121372222900391e-01	1.2047464375197237e-10	3.3046030909756079e+09
/SS/5/PX2PY0PZ-1/b_X/eta0/bT0/bz-4	6.3509368896484375e-01	1.4095771866387803e-10	1.1532670576967349e+09
/SS/5/PX2PY0PZ-1/b_X/eta0/bT0/bz-5	4.6702766418457031e-01	9.5504496836076621e-11	2.5873863236546311e+09
/SS/5/PX2PY0PZ-1/b_X/eta0/bT0/bz0	1.2406444549560547e+00	7.3363156025817320e-10	1.4760104285213091e+09
/SS/5/PX2PY0PZ-1/b_X/eta0/bT0/bz1	1.0946273803710938e+00	2.5512415671956859e-10	3.4393618609706917e+09
/SS/5/PX2PY0PZ-1/b_X/eta0/bT0/bz2	8.3451843261718750e-01	2.6373301650782418e-10	2.5893319372094007e+09
/SS/5/PX2PY0PZ-1/b_X/eta0/bT0/bz3	5.7300376892089844e-01	1.4608216511352062e-10	2.8130592518460736e+09
/SS/5/PX2PY0PZ-1/b_X/eta0/bT0/bz4	3.6963081359863281e-01	9.7647390164462194e-11	2.7063929976733470e+09
/SS/5/PX2PY0PZ-1/b_X/eta0/bT0/bz5	2.3380756378173828e-01	1.1965769152694886e-10	1.5363650115512776e+09
/SS/5/PX2PY0PZ-2/b_X/eta0/bT0/bz-1	7.8604507446289062e-01	1.0573226768817639e-10	4.6005929170151291e+09
/SS/5/PX2PY0PZ-2/b_X/eta0/bT0/bz-2	6.1163902282714844e-01	1.1354552264687188e-10	5.3867295562974691e+09
/SS/5/PX2PY0PZ-2/b_X/eta0/bT0/bz-3	6.1079549789428711e-01	2.3321351343433136e-10	2.6190399042475548e+09
/SS/5/PX2PY0PZ-2/b_X/eta0/bT0/bz-4	5.1079964637756348e-01	2.5974898986584253e-10	1.9665125421330256e+09
/SS/5/PX2PY0PZ-2/b_X/eta0/bT0/bz-5	3.4046983718872070e-01	1.0646671605606613e-10	3.1978993041301928e+09
/SS/5/PX2PY0PZ-2/b_X/eta0/bT0/bz0	8.4109306335449219e-01	7.2739418017643296e-11	7.8137021007471151e+09
/SS/5/PX2PY0PZ-2/b_X/eta0/bT0/bz1	7.9293441772460938e-01	5.9863045148894534e-11	9.6411791851402473e+09
/SS/5/PX2PY0PZ-2/b_X/eta0/bT0/bz2	6.8276023864746094e-01	5.7794730631482952e-11	9.9091835342455616e+09
/SS/5/PX2PY0PZ-2/b_X/eta0/bT0/bz3	5.5343627929687500e-01	6.0341767008597884e-11	9.1716949425431614e+09
/SS/5/PX2PY0PZ-2/b_X/eta0/bT0/bz4	4.8153209686279297e-01	5.8730878272608076e-11	8.1989595767270899e+09
/SS/5/PX2PY0PZ-2/b_X/eta0/bT0/bz5	3.3654212951660156e-01	7.4972073307588289e-11	1.4804185419746175e+09
/SS/5/PX2PY0PZ0/b_X/eta0/bT0/bz-1	1.0364227294921875e+00	3.5219577330476637e-11	2.9427460749091316e+10
/SS/5/PX2PY0PZ0/b_X/eta0/bT0/bz-2	8.1059646606445312e-01	3.4090953003867331e-11	2.3777465709817436e+10
/SS/5/PX2PY0PZ0/b_X/eta0/bT0/bz-3	5.7062530517578125e-01	3.1306572439748017e-11	1.7563663167533409e+10
/SS/5/PX2PY0PZ0/b_X/eta0/bT0/bz-4	4.2235946655273438e-01	2.7164634727155031e-11	1.4817626499302052e+10
/SS/5/PX2PY0PZ0/b_X/eta0/bT0/bz-5	2.8208923339843750e-01	2.7281438555043479e-11	1.0028223595787966e+10
/SS/5/PX2PY0PZ0/b_X/eta0/bT0/bz0	1.1349716186523438e+00	3.5143971542986485e-11	3.2294916277862869e+10
/SS/5/PX2PY0PZ0/b_X/eta0/bT0/bz1	1.0546989440917969e+00	3.4358095989126754e-11	3.0697246565280441e+10
/SS/5/PX2PY0PZ0/b_X/eta0/bT0/bz2	8.5688018798828125e-01	3.3488229718323422e-11	2.5587503286846798e+10
/SS/5/PX2PY0PZ0/b_X/eta0/bT0/bz3	6.6323852539062500e-01	3.3543446940212562e-11	1.8977817695154366e+10
/SS/5/PX2PY0PZ0/b_X/eta0/bT0/bz4	5.1294898986816406e-01	5.1124603403605010e-11	8.1050540873639555e+09
/SS/5/PX2PY0PZ0/b_X/eta0/bT0/bz5	4.8050689697265625e-01	7.2626347531799214e-11	6.6161512082411671e+09
/SS/5/PX2PY1PZ-1/b_X/eta0/bT0/bz-1	1.7773628234863281e+00	2.7340942456422855e-10	2.9406339634281673e+09
/SS/5/PX2PY1PZ-1/b_X/eta0/bT0/bz-2	1.4504661560058594e+00	2.6954337318084209e-10	2.6072444537941408e+09
/SS/5/PX2PY1PZ-1/b_X/eta0/bT0/bz-3	1.0724029541015625e+00	2.7326075131930699e-10	2.0485322389222524e+09
/SS/5/PX2PY1PZ-1/b_X/eta0/bT0/bz-4	7.4055099487304688e-01	1.7040269230898872e-10	1.7629390202970057e+09
/SS/5/PX2PY1PZ-1/b_X/eta0/bT0/bz-5	4.8809051513671875e-01	2.8886022151721206e-10	1.5162637449680901e+09
/SS/5/PX2PY1PZ-1/b_X/eta0/bT0/bz0	1.8981170654296875e+00	2.9064937398150506e-10	2.9137216586314988e+09
/SS/5/PX2PY1PZ-1/b_X/eta0/bT0/bz1	1.7249336242675781e+00	2.5143647451921370e-10	2.9407481769652267e+09
/SS/5/PX2PY1PZ-1/b_X/eta0/bT0/bz2	1.3651161193847656e+00	1.7510964128029136e-10	3.1548407241156030e+09
/SS/5/PX2PY1PZ-1/b_X/eta0/bT0/bz3	1.0041542053222656e+00	1.3289760784013154e-10	3.1894055243937030e+09
/SS/5/PX2PY1PZ-1/b_X/eta0/bT0/bz4	7.0560836791992188e-01	1.1181688340816901e-10	2.9668012725225663e+09
/SS/5/PX2PY1PZ-1/b_X/eta0/bT0/bz5	4.7394561767578125e-01	1.3868957308041198e-10	1.3785205608731580e+09
/SS/5/PX2PY1PZ-2/b_X/eta0/bT0/bz-1	3.5879898071289062e-01	1.3331990137499700e-10	1.9269017408683605e+09
/SS/5/PX2PY1PZ-2/b_X/eta0/bT0/bz-2	4.1217517852783203e-01	1.2210692300877317e-10	1.4533531825685797e+09
/SS/5/PX2PY1PZ-2/b_X/eta0/bT0/bz-3	3.7930011749267578e-01	7.4433531180954261e-11	5.0958232328191557e+09
/SS/5/PX2PY1PZ-2/b_X/eta0/bT0/bz-4	3.3621835708618164e-01	2.7082957194600033e-10	2.4220513222813278e+08
/SS/5/PX2PY1PZ-2/b_X/eta0/bT0/bz-5	3.5184454917907715e-01	4.3281577898684838e-10	8.1291987552461290e+08
/SS/5/PX2PY1PZ-2/b_X/eta0/bT0/bz0	4.2565917968750000e-01	1.0657821793393882e-10	2.2005118753409538e+09
/SS/5/PX2PY1PZ-2/b_X/eta0/bT0/bz1	4.2752933502197266e-01	6.0548850330214451e-11	2.1953590093927674e+09
/SS/5/PX2PY1PZ-2/b_X/eta0/bT0/bz2	3.7047195434570312e-01	9.3425128727320137e-11	3.2685540792036319e+09
/SS/5/PX2PY1PZ-2/b_X/eta0/bT0/bz3	2.7969121932983398e-01	7.6654309015623517e-11	3.2585524365993714e+09
/SS/5/PX2PY1PZ-2/b_X/eta0/bT0/bz4	2.9270553588867188e-01	1.7122672524046753e-10	7.3489480327974665e+08
/SS/5/PX2PY1PZ-2/b_X/eta0/bT0/bz5	2.7273559570312500e-01	2.0202607430897910e-10	4.9682762971318901e+08
/SS/5/PX2PY1PZ0/b_X/eta0/bT0/bz-1	1.5698661804199219e+00	5.2192154412768123e-10	3.0078585528476954e+09
/SS/5/PX2PY1PZ0/b_X/eta0/bT0/bz-2	1.3925366401672363e+00	6.4772470052167351e-10	2.1498896661586256e+09
/SS/5/PX2PY1PZ0/b_X/eta0/bT0/bz-3	9.3798232078552246e-01	4.8401491908299219e-10	1.9379202660996702e+09
/SS/5/PX2PY1PZ0/b_X/eta0/bT0/bz-4	5.2198648452758789e-01	2.2786341930126835e-10	2.2907866744395967e+09
/SS/5/PX2PY1PZ0/b_X/eta0/bT0/bz-5	4.3847751617431641e-01	2.5946297491191226e-10	1.6899425296544898e+09
/SS/5/PX2PY1PZ0/b_X/eta0/bT0/bz0	1.5752935409545898e+00	4.1388328027848902e-10	3.8061299308699412e+09
/SS/5/PX2PY1PZ0/b_X/eta0/bT0/bz1	1.3499889373779297e+00	3.1619235526338808e-10	4.2511331890443006e+09
/SS/5/PX2PY1PZ0/b_X/eta0/bT0/bz2	1.1377964019775391e+00	2.2883757468343794e-10	4.0591224546011209e+09
/SS/5/PX2PY1PZ0/b_X/eta0/bT0/bz3	9.3882560729980469e-01	3.0886153320336177e-10	1.4049296576467123e+09
/SS/5/PX2PY1PZ0/b_X/eta0/bT0/bz4	7.7502632141113281e-01	1.1843013329410703e-09	5.4456801638169622e+08
/SS/5/PX2PY1PZ0/b_X/eta0/bT0/bz5	6.2294673919677734e-01	2.2823037086857923e-10	1.6778997548703167e+09
/SS/5/PX2PY2PZ-1/b_X/eta0/bT0/bz-1	4.1945075988769531e-01	6.9406896368761732e-11	4.9610182607881632e+09
/SS/5/PX2PY2PZ-1/b_X/eta0/bT0/bz-2	3.7467575073242188e-01	5.3708202285359692e-11	4.2531196429190369e+09
/SS/5/PX2PY2PZ-1/b_X/eta0/bT0/bz-3	3.3019733428955078e-01	6.7319613310715078e-11	2.5732000649494791e+09
/SS/5/PX2PY2PZ-1/b_X/eta0/bT0/bz-4	2.8549432754516602e-01	7.2684464109700389e-11	3.9278590141942625e+09
/SS/5/PX2PY2PZ-1/b_X/eta0/bT0/bz-5	2.4536037445068359e-01	1.0751037030573768e-10	2.2822019285481806e+09
/SS/5/PX2PY2PZ-1/b_X/eta0/bT0/bz0	4.6457576751708984e-01	8.1273733698733575e-11	5.5687938012839613e+09
/SS/5/PX2PY2PZ-1/b_X/eta0/bT0/bz1	4.9901962280273438e-01	8.1391202050514717e-11	6.1311248664569712e+09
/SS/5/PX2PY2PZ-1/b_X/eta0/bT0/bz2	4.9317121505737305e-01	1.1896145301494105e-10	4.1456387977661376e+09
/SS/5/PX2PY2PZ-1/b_X/eta0/bT0/bz3	4.2270851135253906e-01	1.7947842384692979e-10	2.3552051677980571e+09
/SS/5/PX2PY2PZ-1/b_X/eta0/bT0/bz4	2.6737022399902344e-01	1.4470221818435700e-10	1.5736900842302969e+09
/SS/5/PX2PY2PZ-1/b_X/eta0/bT0/bz5	2.0366048812866211e-01	5.3476934856939288e-11	3.8083799805185480e+09
/SS/5/PX2PY2PZ-2/b_X/eta0/bT0/bz-1	4.4088745117187500e-01	6.0615514976143383e-11	7.2735082980883074e+09
/SS/5/PX2PY2PZ-2/b_X/eta0/bT0/bz-2	2.9164981842041016e-01	4.5843174836707384e-11	6.3619027141829052e+09
/SS/5/PX2PY2PZ-2/b_X/eta0/bT0/bz-3	1.9359588623046875e-01	7.5792181876395083e-11	1.5731304032904890e+09
/SS/5/PX2PY2PZ-2/b_X/eta0/bT0/bz-4	1.3691520690917969e-01	6.8441060443544846e-11	1.2638427396453846e+09
/SS/5/PX2PY2PZ-2/b_X/eta0/bT0/bz-5	1.7559647560119629e-01	1.4429114650295213e-10	1.2169594591003106e+09
/SS/5/PX2PY2PZ-2/b_X/eta0/bT0/bz0	5.3608322143554688e-01	6.9499182010129097e-11	7.7135184318775997e+09
/SS/5/PX2PY2PZ-2/b_X/eta0/bT0/bz1	5.3523635864257812e-01	7.2238109016433857e-11	7.4093351269869785e+09
/SS/5/PX2PY2PZ-2/b_X/eta0/bT0/bz2	4.6919822692871094e-01	7.2929010481655235e-11	6.4336294134517889e+09
/SS/5/PX2PY2PZ-2/b_X/eta0/bT0/bz3	3.8101482391357422e-01	8.3343084513682240e-11	4.2208825160276389e+09
/SS/5/PX2PY2PZ-2/b_X/eta0/bT0/bz4	3.3231925964355469e-01	1.1513503793067939e-10	2.8863434243504376e+09
/SS/5/PX2PY2PZ-2/b_X/eta0/bT0/bz5	2.9791164398193359e-01	1.1032890342251579e-10	2.7002139488421321e+09
/SS/5/PX2PY2PZ0/b_X/eta0/bT0/bz-1	6.9435882568359375e-01	5.0775216333909008e-11	1.1174742711214622e+10
/SS/5/PX2PY2PZ0/b_X/eta0/bT0/bz-2	5.6614303588867188e-01	4.8332548424349257e-11	7.2814413838943186e+09
/SS/5/PX2PY2PZ0/b_X/eta0/bT0/bz-3	4.1401672363281250e-01	7.0960454581138528e-11	4.6796939736373644e+09
/SS/5/PX2PY2PZ0/b_X/eta0/bT0/bz-4	3.4757661819458008e-01	1.4565303788926222e-10	2.3863327756942306e+09
/SS/5/PX2PY2PZ0/b_X/eta0/bT0/bz-5	2.3675727844238281e-01	1.3860122245067174e-10	1.5607024645630496e+09
/SS/5/PX2PY2PZ0/b_X/eta0/bT0/bz0	7.5061798095703125e-01	5.3011822479373445e-11	1.1585350380260788e+10
/SS/5/PX2PY2PZ0/b_X/eta0/bT0/bz1	7.0431900024414062e-01	5.0938313663992530e-11	1.0551199843279451e+10
/SS/5/PX2PY2PZ0/b_X/eta0/bT0/bz2	6.0134887695312500e-01	4.5127846237085248e-11	8.6528783469597664e+09
/SS/5/PX2PY2PZ0/b_X/eta0/bT0/bz3	4.9797821044921875e-01	3.7634727443674754e-11	9.2006481517974491e+09
/SS/5/PX2PY2PZ0/b_X/eta0/bT0/bz4	4.1210937500000000e-01	4.1978063454520398e-11	9.8172555160026588e+09
/SS/5/PX2PY2PZ0/b_X/eta0/bT0/bz5	3.3700370788574219e-01	1.0648462965684123e-10	1.6851014037310340e+09
