# file_a: data/qTMD/S32T48_pyquda_frontier.qTMD.300.GI_PDF.D.ex.x19y23z25t35.1HYP_GSRC_W90_k3_T5.PX0PY0PZ9dt10.PpUnpol.5.h5
# file_b: data/qTMD/S32T48_nobaryon_frontier.qTMD.300.GI_PDF.D.ex.x19y23z25t35.1HYP_GSRC_W90_k3_T5.PX0PY0PZ9dt10.PpUnpol.5.h5
# dataset_path	abs_diff=max(abs(abs(a)-abs(b)))	rel_diff=max(abs(abs(a)-abs(b))/abs(a))	abs(a)_at_max_rel
/SS/5/PX-1PY-1PZ-1/b_X/eta0/bT0/bz-1	7.0225524902343750e-01	1.0479055905069957e-10	2.5359146869953923e+09
/SS/5/PX-1PY-1PZ-1/b_X/eta0/bT0/bz-2	6.6806030273437500e-01	7.2283040886732917e-11	7.1640779463440437e+09
/SS/5/PX-1PY-1PZ-1/b_X/eta0/bT0/bz-3	5.9585762023925781e-01	1.1765424738451589e-10	2.1607177838083167e+09
/SS/5/PX-1PY-1PZ-1/b_X/eta0/bT0/bz-4	5.1245689392089844e-01	1.7530151647493643e-10	2.2394723175581384e+09
/SS/5/PX-1PY-1PZ-1/b_X/eta0/bT0/bz-5	4.6734237670898438e-01	1.5611517861478645e-10	2.4178333143871312e+09
/SS/5/PX-1PY-1PZ-1/b_X/eta0/bT0/bz0	7.0714187622070312e-01	2.0479719301883956e-10	1.7805688120754480e+09
/SS/5/PX-1PY-1PZ-1/b_X/eta0/bT0/bz1	6.9303083419799805e-01	2.5065269405700201e-09	2.7649047890959150e+08
/SS/5/PX-1PY-1PZ-1/b_X/eta0/bT0/bz2	6.1960172653198242e-01	4.4234188228202602e-10	1.4007304109108529e+09
/SS/5/PX-1PY-1PZ-1/b_X/eta0/bT0/bz3	4.5568203926086426e-01	2.2397006563327599e-10	2.0345667086019821e+09
/SS/5/PX-1PY-1PZ-1/b_X/eta0/bT0/bz4	3.4515571594238281e-01	1.6182257317443406e-10	1.9670516539810090e+09
/SS/5/PX-1PY-1PZ-1/b_X/eta0/bT0/bz5	2.8566551208496094e-01	1.1596795762632690e-10	1.5922065137184148e+09
/SS/5/PX-1PY-1PZ-2/b_X/eta0/bT0/bz-1	1.2044143676757812e+00	6.9533125868100183e-11	6.1732309037439089e+09
/SS/5/PX-1PY-1PZ-2/b_X/eta0/bT0/bz-2	9.4057083129882812e-01	8.3046126396981023e-11	5.5030206337926693e+09
/SS/5/PX-1PY-1PZ-2/b_X/eta0/bT0/bz-3	6.7857933044433594e-01	9.0925715187223896e-11	4.6262673503785038e+09
/SS/5/PX-1PY-1PZ-2/b_X/eta0/bT0/bz-4	4.7687911987304688e-01	9.9914364985103459e-11	3.4730612078743305e+09
/SS/5/PX-1PY-1PZ-2/b_X/eta0/bT0/bz-5	4.2025566101074219e-01	1.2050001082588563e-10	2.1630716556954393e+09
/SS/5/PX-1PY-1PZ-2/b_X/eta0/bT0/bz0	1.3653068542480469e+00	7.1939986125685083e-11	1.5679819279845192e+10
/SS/5/PX-1PY-1PZ-2/b_X/eta0/bT0/bz1	1.3310737609863281e+00	7.5461461035799615e-11	1.4723253336967936e+10
/SS/5/PX-1PY-1PZ-2/b_X/eta0/bT0/bz2	1.1354408264160156e+00	7.9206442484133230e-11	1.2248203707045599e+10
/SS/5/PX-1PY-1PZ-2/b_X/eta0/bT0/bz3	8.8036537170410156e-01	8.3025685135542365e-11	9.1704060099038124e+09
/SS/5/PX-1PY-1PZ-2/b_X/eta0/bT0/bz4	6.7405128479003906e-01	8.8129498364998839e-11	6.0758154158626347e+09
/SS/5/PX-1PY-1PZ-2/b_X/eta0/bT0/bz5	5.3518581390380859e-01	1.0817353505282292e-10	3.6426488252048216e+09
/SS/5/PX-1PY-1PZ0/b_X/eta0/bT0/bz-1	1.2925491333007812e+00	1.5902319270825801e-10	7.8903540843734083e+09
/SS/5/PX-1PY-1PZ0/b_X/eta0/bT0/bz-2	1.1145706176757812e+00	1.6535380036302780e-10	6.3867199791695099e+09
/SS/5/PX-1PY-1PZ0/b_X/eta0/bT0/bz-3	8.9898300170898438e-01	1.6664302358007790e-10	4.8244720816760168e+09
/SS/5/PX-1PY-1PZ0/b_X/eta0/bT0/bz-4	6.9590377807617188e-01	1.5235230250828366e-10	3.6632997026078377e+09
/SS/5/PX-1PY-1PZ0/b_X/eta0/bT0/bz-5	5.2945137023925781e-01	1.1206270405439383e-10	3.1020985086207237e+09
/SS/5/PX-1PY-1PZ0/b_X/eta0/bT0/bz0	1.3633422851562500e+00	1.5288733251476249e-10	8.5006493854970217e+09
/SS/5/PX-1PY-1PZ0/b_X/eta0/bT0/bz1	1.2526435852050781e+00	1.5489781867481792e-10	7.4666300818117285e+09
/SS/5/PX-1PY-1PZ0/b_X/eta0/bT0/bz2	1.0402450561523438e+00	1.7669150907680235e-10	5.2324584684447193e+09
/SS/5/PX-1PY-1PZ0/b_X/eta0/bT0/bz3	8.1571960449218750e-01	2.6550164016035737e-10	2.6797076990405583e+09
/SS/5/PX-1PY-1PZ0/b_X/eta0/bT0/bz4	6.3232231140136719e-01	8.4774501718263600e-10	5.4102225405400872e+08
/SS/5/PX-1PY-1PZ0/b_X/eta0/bT0/bz5	5.0960540771484375e-01	2.8167891848113525e-10	1.3060729605818172e+09
/SS/5/PX-1PY-2PZ-1/b_X/eta0/bT0/bz-1	9.6040725708007812e-01	2.8389195137900359e-10	2.0707933502107499e+09
/SS/5/PX-1PY-2PZ-1/b_X/eta0/bT0/bz-2	8.9618301391601562e-01	3.4949387064657102e-10	1.2687106101699312e+09
/SS/5/PX-1PY-2PZ-1/b_X/eta0/bT0/bz-3	7.9880714416503906e-01	2.7190136410510229e-10	1.3582451537665398e+09
/SS/5/PX-1PY-2PZ-1/b_X/eta0/bT0/bz-4	6.9901657104492188e-01	2.7773087674010973e-09	1.8331975906979617e+08
/SS/5/PX-1PY-2PZ-1/b_X/eta0/bT0/bz-5	5.9397506713867188e-01	2.6278164603985804e-10	9.3272587224735594e+08
/SS/5/PX-1PY-2PZ-1/b_X/eta0/bT0/bz0	9.2846679687500000e-01	3.2847586331612804e-10	1.8897661251766779e+09
/SS/5/PX-1PY-2PZ-1/b_X/eta0/bT0/bz1	7.7565956115722656e-01	6.2374431635488090e-11	9.9785439248035660e+09
/SS/5/PX-1PY-2PZ-1/b_X/eta0/bT0/bz2	5.7396888732910156e-01	1.3126378680456652e-10	2.9360166672384138e+09
/SS/5/PX-1PY-2PZ-1/b_X/eta0/bT0/bz3	5.4456424713134766e-01	1.8355111796809312e-10	1.4667322931786795e+09
/SS/5/PX-1PY-2PZ-1/b_X/eta0/bT0/bz4	5.4175758361816406e-01	3.2161831601673677e-10	8.7392964926007140e+08
/SS/5/PX-1PY-2PZ-1/b_X/eta0/bT0/bz5	4.8684310913085938e-01	9.0162617121439649e-10	3.2096116652912050e+08
/SS/5/PX-1PY-2PZ-2/b_X/eta0/bT0/bz-1	5.4767036437988281e-01	5.8164390485746942e-11	9.4159048140303001e+09
/SS/5/PX-1PY-2PZ-2/b_X/eta0/bT0/bz-2	4.5222473144531250e-01	7.2401400482039641e-11	6.2460771260563431e+09
/SS/5/PX-1PY-2PZ-2/b_X/eta0/bT0/bz-3	3.5408306121826172e-01	1.1440122396822017e-10	3.0950985394756217e+09
/SS/5/PX-1PY-2PZ-2/b_X/eta0/bT0/bz-4	3.0910086631774902e-01	3.9507344777269711e-10	7.8238835857070339e+08
/SS/5/PX-1PY-2PZ-2/b_X/eta0/bT0/bz-5	1.2987065315246582e-01	2.6420876671108295e-10	4.9154558635248357e+08
/SS/5/PX-1PY-2PZ-2/b_X/eta0/bT0/bz0	5.7635498046875000e-01	4.9698189476480113e-11	1.1597102158852537e+10
/SS/5/PX-1PY-2PZ-2/b_X/eta0/bT0/bz1	5.0130271911621094e-01	4.2464552380249576e-11	1.1805204364979218e+10
/SS/5/PX-1PY-2PZ-2/b_X/eta0/bT0/bz2	4.3238449096679688e-01	3.6670538483826362e-11	1.1791059222037363e+10
/SS/5/PX-1PY-2PZ-2/b_X/eta0/bT0/bz3	3.9463996887207031e-01	4.1533945139148879e-11	9.5016249371430969e+09
/SS/5/PX-1PY-2PZ-2/b_X/eta0/bT0/bz4	3.5020923614501953e-01	4.5824250220284970e-11	7.6424433452048674e+09
/SS/5/PX-1PY-2PZ-2/b_X/eta0/bT0/bz5	3.0891418457031250e-01	6.1375592910552044e-11	4.1066489730178866e+09
/SS/5/PX-1PY-2PZ0/b_X/eta0/bT0/bz-1	7.0420455932617188e-01	5.5538507207434293e-11	1.2679573051828592e+10
/SS/5/PX-1PY-2PZ0/b_X/eta0/bT0/bz-2	6.0612487792968750e-01	6.0310659252852914e-11	1.0050045637679140e+10
/SS/5/PX-1PY-2PZ0/b_X/eta0/bT0/bz-3	4.9130630493164062e-01	7.1096143172855566e-11	6.9104494703338680e+09
/SS/5/PX-1PY-2PZ0/b_X/eta0/bT0/bz-4	3.6075639724731445e-01	8.7145129165901118e-11	4.1397195769889832e+09
/SS/5/PX-1PY-2PZ0/b_X/eta0/bT0/bz-5	3.4995079040527344e-01	8.8567538769166389e-11	2.2026106424299927e+09
/SS/5/PX-1PY-2PZ0/b_X/eta0/bT0/bz0	7.6514434814453125e-01	5.5472573241707076e-11	1.3736811758604277e+10
/SS/5/PX-1PY-2PZ0/b_X/eta0/bT0/bz1	8.1704711914062500e-01	5.6624824115040267e-11	1.3037513656992035e+10
/SS/5/PX-1PY-2PZ0/b_X/eta0/bT0/bz2	7.8660964965820312e-01	6.3691068528978717e-11	3.2446693196806078e+09
/SS/5/PX-1PY-2PZ0/b_X/eta0/bT0/bz3	7.0360946655273438e-01	7.7477161254968261e-11	2.5542680065853453e+09
/SS/5/PX-1PY-2PZ0/b_X/eta0/bT0/bz4	6.0517311096191406e-01	7.2095219014698716e-11	2.0825805405847747e+09
/SS/5/PX-1PY-2PZ0/b_X/eta0/bT0/bz5	5.1214599609375000e-01	6.4828656013585301e-11	1.5958966514871061e+09
/SS/5/PX-1PY0PZ-1/b_X/eta0/bT0/bz-1	1.8283004760742188e+00	2.9305642347848260e-10	1.5569966201538110e+09
/SS/5/PX-1PY0PZ-1/b_X/eta0/bT0/bz-2	1.6164283752441406e+00	8.5024158061982562e-10	5.2776476515684384e+08
/SS/5/PX-1PY0PZ-1/b_X/eta0/bT0/bz-3	1.3328170776367188e+00	1.6109332325061988e-10	4.5162228065917196e+09
/SS/5/PX-1PY0PZ-1/b_X/eta0/bT0/bz-4	1.0424690246582031e+00	2.2338840716601947e-10	2.8391640542162871e+09
/SS/5/PX-1PY0PZ-1/b_X/eta0/bT0/bz-5	7.8137779235839844e-01	3.5073101191496276e-10	1.6170379245868435e+09
/SS/5/PX-1PY0PZ-1/b_X/eta0/bT0/bz0	1.8741760253906250e+00	1.3522387584922753e-10	7.2318135415428114e+09
/SS/5/PX-1PY0PZ-1/b_X/eta0/bT0/bz1	1.6958084106445312e+00	1.6080657714562747e-10	5.9591413253879576e+09
/SS/5/PX-1PY0PZ-1/b_X/eta0/bT0/bz2	1.3635978698730469e+00	1.9420108124504730e-10	4.4653857026377068e+09
/SS/5/PX-1PY0PZ-1/b_X/eta0/bT0/bz3	9.8905181884765625e-01	2.0876312445361492e-10	3.3817974695762486e+09
/SS/5/PX-1PY0PZ-1/b_X/eta0/bT0/bz4	6.4763259887695312e-01	1.8510294847354716e-10	2.7497841228415146e+09
/SS/5/PX-1PY0PZ-1/b_X/eta0/bT0/bz5	4.4768714904785156e-01	1.5279965459302323e-10	2.2804039681093483e+09
/SS/5/PX-1PY0PZ-2/b_X/eta0/bT0/bz-1	9.9587631225585938e-01	6.4747843777124319e-11	1.1280892061886801e+10
/SS/5/PX-1PY0PZ-2/b_X/eta0/bT0/bz-2	7.6001739501953125e-01	7.4785003874733544e-11	7.5129409246702566e+09
/SS/5/PX-1PY0PZ-2/b_X/eta0/bT0/bz-3	5.4217720031738281e-01	8.2617796130628933e-11	4.6727709656048651e+09
/SS/5/PX-1PY0PZ-2/b_X/eta0/bT0/bz-4	3.6091423034667969e-01	6.9218694545302136e-11	3.3670628916933165e+09
/SS/5/PX-1PY0PZ-2/b_X/eta0/bT0/bz-5	2.2473526000976562e-01	5.3386878207236225e-11	2.7438809112291169e+09
/SS/5/PX-1PY0PZ-2/b_X/eta0/bT0/bz0	1.1091690063476562e+00	5.8940191372889691e-11	1.4415289003776936e+10
/SS/5/PX-1PY0PZ-2/b_X/eta0/bT0/bz1	1.0518798828125000e+00	5.5739454742138569e-11	1.5677402529626663e+10
/SS/5/PX-1PY0PZ-2/b_X/eta0/bT0/bz2	8.7630081176757812e-01	5.3122872565109603e-11	1.5010869390235489e+10
/SS/5/PX-1PY0PZ-2/b_X/eta0/bT0/bz3	6.6737937927246094e-01	5.8487778424361833e-11	1.1347965126693951e+10
/SS/5/PX-1PY0PZ-2/b_X/eta0/bT0/bz4	4.9080085754394531e-01	6.7432055340932762e-11	2.6590904980650411e+09
/SS/5/PX-1PY0PZ-2/b_X/eta0/bT0/bz5	3.3045768737792969e-01	1.2017440077905829e-10	1.6135448381732857e+09
/SS/5/PX-1PY0PZ0/b_X/eta0/bT0/bz-1	2.3377113342285156e+00	1.0044492438411268e-10	2.3273563582853073e+10
/SS/5/PX-1PY0PZ0/b_X/eta0/bT0/bz-2	1.9967460632324219e+00	9.6673451984540656e-11	2.0618083269414299e+10
/SS/5/PX-1PY0PZ0/b_X/eta0/bT0/bz-3	1.6230888366699219e+00	8.8929186897776528e-11	1.7547767864122467e+10
/SS/5/PX-1PY0PZ0/b_X/eta0/bT0/bz-4	1.2562026977539062e+00	8.4301159621234560e-11	1.4901369131789288e+10
/SS/5/PX-1PY0PZ0/b_X/eta0/bT0/bz-5	9.3410110473632812e-01	8.1074358924287448e-11	1.1521535503088627e+10
/SS/5/PX-1PY0PZ0/b_X/eta0/bT0/bz0	2.4473190307617188e+00	1.0050862496443645e-10	2.4349343468062244e+10
/SS/5/PX-1PY0PZ0/b_X/eta0/bT0/bz1	2.3488731384277344e+00	9.7873144528876212e-11	2.3021369538813889e+10
/SS/5/PX-1PY0PZ0/b_X/eta0/bT0/bz2	2.0591621398925781e+00	9.2869364339525672e-11	2.0060795160248749e+10
/SS/5/PX-1PY0PZ0/b_X/eta0/bT0/bz3	1.6888923645019531e+00	1.0662839545579103e-10	4.1276080194492235e+09
/SS/5/PX-1PY0PZ0/b_X/eta0/bT0/bz4	1.3344955444335938e+00	1.9129078627517664e-10	3.1683952761662555e+09
/SS/5/PX-1PY0PZ0/b_X/eta0/bT0/bz5	1.0475158691406250e+00	2.1339408689890632e-10	2.8600721055709705e+09
/SS/5/PX-1PY1PZ-1/b_X/eta0/bT0/bz-1	9.9966430664062500e-01	5.7563485480949609e-11	1.2287670926846020e+10
/SS/5/PX-1PY1PZ-1/b_X/eta0/bT0/bz-2	7.6912307739257812e-01	6.7954594825288280e-11	2.6310018096120501e+09
/SS/5/PX-1PY1PZ-1/b_X/eta0/bT0/bz-3	5.3817367553710938e-01	5.1304924877555581e-11	3.4403333189107742e+09
/SS/5/PX-1PY1PZ-1/b_X/eta0/bT0/bz-4	3.4735107421875000e-01	5.4507098468386194e-11	6.2545889289380836e+09
/SS/5/PX-1PY1PZ-1/b_X/eta0/bT0/bz-5	2.9442739486694336e-01	1.3319858811928495e-10	2.0069866300124745e+09
/SS/5/PX-1PY1PZ-1/b_X/eta0/bT0/bz0	1.1333084106445312e+00	5.9241412127317269e-11	8.3685502177999897e+09
/SS/5/PX-1PY1PZ-1/b_X/eta0/bT0/bz1	1.0973014831542969e+00	5.1234886702237666e-11	1.1118227246052856e+10
/SS/5/PX-1PY1PZ-1/b_X/eta0/bT0/bz2	9.4552993774414062e-01	4.5302386233365166e-11	1.1890113468208368e+10
/SS/5/PX-1PY1PZ-1/b_X/eta0/bT0/bz3	7.6734924316406250e-01	4.8750796353246092e-11	1.1343041994952869e+10
/SS/5/PX-1PY1PZ-1/b_X/eta0/bT0/bz4	6.0891151428222656e-01	6.1261381754907612e-11	7.3782931388421192e+09
/SS/5/PX-1PY1PZ-1/b_X/eta0/bT0/bz5	4.8271942138671875e-01	1.0970120591144615e-10	2.2045021824717193e+09
/SS/5/PX-1PY1PZ-2/b_X/eta0/bT0/bz-1	1.2446212768554688e+00	7.9317889767258945e-11	8.6317516830083847e+09
/SS/5/PX-1PY1PZ-2/b_X/eta0/bT0/bz-2	1.0317306518554688e+00	8.3316618289192555e-11	6.3315579205910807e+09
/SS/5/PX-1PY1PZ-2/b_X/eta0/bT0/bz-3	7.8562545776367188e-01	9.4583891153675309e-11	3.7111710462482481e+09
/SS/5/PX-1PY1PZ-2/b_X/eta0/bT0/bz-4	5.5523109436035156e-01	1.0196204734465760e-10	1.2994907870182614e+09
/SS/5/PX-1PY1PZ-2/b_X/eta0/bT0/bz-5	3.6502456665039062e-01	1.9605603247940835e-10	1.1268248080350342e+09
/SS/5/PX-1PY1PZ-2/b_X/eta0/bT0/bz0	1.3228263854980469e+00	7.4745805068061302e-11	1.0084788344883209e+10
/SS/5/PX-1PY1PZ-2/b_X/eta0/bT0/bz1	1.2117118835449219e+00	6.7584543323985417e-11	1.0381651497614408e+10
/SS/5/PX-1PY1PZ-2/b_X/eta0/bT0/bz2	9.9718856811523438e-01	6.7642613665741428e-11	4.4966882711039991e+09
/SS/5/PX-1PY1PZ-2/b_X/eta0/bT0/bz3	7.8823852539062500e-01	6.7538392072513014e-11	2.8490392361516280e+09
/SS/5/PX-1PY1PZ-2/b_X/eta0/bT0/bz4	6.2061500549316406e-01	4.8166435455471169e-11	1.2059121121540522e+10
/SS/5/PX-1PY1PZ-2/b_X/eta0/bT0/bz5	4.8914527893066406e-01	5.3897262600581533e-11	7.5609688907182856e+09
/SS/5/PX-1PY1PZ0/b_X/eta0/bT0/bz-1	1.4152851104736328e+00	1.0653264136530907e-10	1.3284990330996351e+10
/SS/5/PX-1PY1PZ0/b_X/eta0/bT0/bz-2	1.1040153503417969e+00	9.4982313456834923e-11	1.1623378186545444e+10
/SS/5/PX-1PY1PZ0/b_X/eta0/bT0/bz-3	7.6474571228027344e-01	8.9477188523104124e-11	7.5173597707928047e+09
/SS/5/PX-1PY1PZ0/b_X/eta0/bT0/bz-4	6.0789680480957031e-01	8.8307758519151647e-11	5.5302418969823322e+09
/SS/5/PX-1PY1PZ0/b_X/eta0/bT0/bz-5	5.1948738098144531e-01	7.9696174193904430e-11	4.0291802186689405e+09
/SS/5/PX-1PY1PZ0/b_X/eta0/bT0/bz0	1.5624885559082031e+00	1.0780683881931728e-10	1.4493408516753855e+10
/SS/5/PX-1PY1PZ0/b_X/eta0/bT0/bz1	1.4847393035888672e+00	1.0442217279293854e-10	1.4218621044526583e+10
/SS/5/PX-1PY1PZ0/b_X/eta0/bT0/bz2	1.2518253326416016e+00	9.9392343904247525e-11	1.2594786313195145e+10
/SS/5/PX-1PY1PZ0/b_X/eta0/bT0/bz3	9.7884368896484375e-01	9.5739997185862923e-11	1.0223978668649689e+10
/SS/5/PX-1PY1PZ0/b_X/eta0/bT0/bz4	7.3953723907470703e-01	9.6850952740524526e-11	7.6358282303739147e+09
/SS/5/PX-1PY1PZ0/b_X/eta0/bT0/bz5	5.5243968963623047e-01	1.0679138957562911e-10	5.1730733332671499e+09
/SS/5/PX-1PY2PZ-1/b_X/eta0/bT0/bz-1	5.0894737243652344e-01	7.5235447049059893e-11	5.5536257168425465e+09
/SS/5/PX-1PY2PZ-1/b_X/eta0/bT0/bz-2	3.9549064636230469e-01	8.5758573475811071e-11	4.6116747321345797e+09
/SS/5/PX-1PY2PZ-1/b_X/eta0/bT0/bz-3	3.6270618438720703e-01	1.1760593379223946e-10	3.0840806470527010e+09
/SS/5/PX-1PY2PZ-1/b_X/eta0/bT0/bz-4	2.8830671310424805e-01	1.0513600611490589e-10	2.7422262244691901e+09
/SS/5/PX-1PY2PZ-1/b_X/eta0/bT0/bz-5	2.4513006210327148e-01	8.3471132133827294e-11	2.9367046526966982e+09
/SS/5/PX-1PY2PZ-1/b_X/eta0/bT0/bz0	5.7949924468994141e-01	7.5260326678711581e-11	7.6999299666056423e+09
/SS/5/PX-1PY2PZ-1/b_X/eta0/bT0/bz1	5.0847721099853516e-01	7.8170266660107136e-11	6.5047393686073713e+09
/SS/5/PX-1PY2PZ-1/b_X/eta0/bT0/bz2	3.6288452148437500e-01	6.7708792632458153e-11	4.6887076773490858e+09
/SS/5/PX-1PY2PZ-1/b_X/eta0/bT0/bz3	3.3786821365356445e-01	9.4151477110665443e-11	3.5885598826711435e+09
/SS/5/PX-1PY2PZ-1/b_X/eta0/bT0/bz4	3.4213495254516602e-01	9.5683734729067657e-11	3.5756856012564192e+09
/SS/5/PX-1PY2PZ-1/b_X/eta0/bT0/bz5	2.9795026779174805e-01	9.5886117162996475e-11	3.1073347905543346e+09
/SS/5/PX-1PY2PZ-2/b_X/eta0/bT0/bz-1	6.6739273071289062e-01	7.3689186714266867e-11	3.2220609282549610e+09
/SS/5/PX-1PY2PZ-2/b_X/eta0/bT0/bz-2	4.8056507110595703e-01	6.0562119631400478e-11	7.9350768108980093e+09
/SS/5/PX-1PY2PZ-2/b_X/eta0/bT0/bz-3	2.9117679595947266e-01	5.0621985520168015e-11	5.7519829174512835e+09
/SS/5/PX-1PY2PZ-2/b_X/eta0/bT0/bz-4	2.0269298553466797e-01	4.6636981440871778e-11	1.1801512204814723e+09
/SS/5/PX-1PY2PZ-2/b_X/eta0/bT0/bz-5	1.6008472442626953e-01	5.6154769164497532e-11	1.8528496564965103e+09
/SS/5/PX-1PY2PZ-2/b_X/eta0/bT0/bz0	7.5833511352539062e-01	1.1397418262184822e-10	2.9569512840467730e+09
/SS/5/PX-1PY2PZ-2/b_X/eta0/bT0/bz1	6.9748306274414062e-01	1.2360336993812915e-10	2.6084326057989998e+09
/SS/5/PX-1PY2PZ-2/b_X/eta0/bT0/bz2	5.5224990844726562e-01	8.3076048248382504e-11	2.4279960476683578e+09
/SS/5/PX-1PY2PZ-2/b_X/eta0/bT0/bz3	5.1531982421875000e-01	1.2848508007606305e-10	4.4339685996236402e+08
/SS/5/PX-1PY2PZ-2/b_X/eta0/bT0/bz4	4.4716835021972656e-01	4.6454996784867998e-11	6.6815714399499807e+09
/SS/5/PX-1PY2PZ-2/b_X/eta0/bT0/bz5	3.6121559143066406e-01	5.9156058099779325e-11	3.7697714338318691e+09
/SS/5/PX-1PY2PZ0/b_X/eta0/bT0/bz-1	7.7894783020019531e-01	1.8353099618928045e-10	4.1971367009645038e+09
/SS/5/PX-1PY2PZ0/b_X/eta0/bT0/bz-2	7.5913262367248535e-01	4.1355711260855011e-10	1.8356173803521004e+09
/SS/5/PX-1PY2PZ0/b_X/eta0/bT0/bz-3	6.2552452087402344e-01	4.8500455140139366e-10	6.7181522087883043e+08
/SS/5/PX-1PY2PZ0/b_X/eta0/bT0/bz-4	6.0217380523681641e-01	2.8648008648905222e-10	2.1019743906696579e+09
/SS/5/PX-1PY2PZ0/b_X/eta0/bT0/bz-5	5.6540536880493164e-01	1.8129898372135407e-10	3.1186350700891218e+09
/SS/5/PX-1PY2PZ0/b_X/eta0/bT0/bz0	8.0450439453125000e-01	1.2459160678476513e-10	5.9679692946853743e+09
/SS/5/PX-1PY2PZ0/b_X/eta0/bT0/bz1	8.7869262695312500e-01	1.1786914672102942e-10	7.4548145243877850e+09
/SS/5/PX-1PY2PZ0/b_X/eta0/bT0/bz2	6.5843582153320312e-01	8.6772547945208718e-11	7.3386364466842279e+09
/SS/5/PX-1PY2PZ0/b_X/eta0/bT0/bz3	5.4932975769042969e-01	7.2439812581485280e-11	5.7994449121755943e+09
/SS/5/PX-1PY2PZ0/b_X/eta0/bT0/bz4	4.5188999176025391e-01	1.0074027676397660e-10	2.9064550746573615e+09
/SS/5/PX-1PY2PZ0/b_X/eta0/bT0/bz5	3.9979600906372070e-01	1.5260047462107703e-10	2.6198870616651492e+09
/SS/5/PX-2PY-1PZ-1/b_X/eta0/bT0/bz-1	8.8808727264404297e-01	1.5137321071380721e-10	5.8668721397678452e+09
/SS/5/PX-2PY-1PZ-1/b_X/eta0/bT0/bz-2	6.7103147506713867e-01	2.3459146768915277e-10	2.8604257506768923e+09
/SS/5/PX-2PY-1PZ-1/b_X/eta0/bT0/bz-3	5.6989479064941406e-01	6.0257800737682367e-10	6.2093154601969206e+08
/SS/5/PX-2PY-1PZ-1/b_X/eta0/bT0/bz-4	4.6376514434814453e-01	1.5359660494635753e-10	2.7366183839998355e+09
/SS/5/PX-2PY-1PZ-1/b_X/eta0/bT0/bz-5	3.5748147964477539e-01	1.6296111072353287e-10	2.1936612855520520e+09
/SS/5/PX-2PY-1PZ-1/b_X/eta0/bT0/bz0	9.7749423980712891e-01	1.1760509674879569e-10	8.3116656236000996e+09
/SS/5/PX-2PY-1PZ-1/b_X/eta0/bT0/bz1	9.8337936401367188e-01	9.3877349228748027e-11	9.6306962245502186e+09
/SS/5/PX-2PY-1PZ-1/b_X/eta0/bT0/bz2	9.0441322326660156e-01	7.2500065517979660e-11	1.0056374768503258e+10
/SS/5/PX-2PY-1PZ-1/b_X/eta0/bT0/bz3	7.2773933410644531e-01	8.3745744960094301e-11	5.2110956734739285e+09
/SS/5/PX-2PY-1PZ-1/b_X/eta0/bT0/bz4	5.4939460754394531e-01	1.2155974285118900e-10	3.8394926039241405e+09
/SS/5/PX-2PY-1PZ-1/b_X/eta0/bT0/bz5	4.3294811248779297e-01	1.5057191042445510e-10	2.8753577693696833e+09
/SS/5/PX-2PY-1PZ-2/b_X/eta0/bT0/bz-1	8.7451362609863281e-01	1.1680768678484332e-10	5.4129784272942123e+09
/SS/5/PX-2PY-1PZ-2/b_X/eta0/bT0/bz-2	7.1246719360351562e-01	1.0763864332443036e-10	4.7216776617140408e+09
/SS/5/PX-2PY-1PZ-2/b_X/eta0/bT0/bz-3	5.4181480407714844e-01	9.1694804181224819e-11	3.8472642628885970e+09
/SS/5/PX-2PY-1PZ-2/b_X/eta0/bT0/bz-4	3.9558982849121094e-01	7.3273833048531170e-11	2.8960338749370651e+09
/SS/5/PX-2PY-1PZ-2/b_X/eta0/bT0/bz-5	2.7424240112304688e-01	6.3016498761801886e-11	1.8749927678110471e+09
/SS/5/PX-2PY-1PZ-2/b_X/eta0/bT0/bz0	9.5297813415527344e-01	1.2751970923177432e-10	5.3506919953747063e+09
/SS/5/PX-2PY-1PZ-2/b_X/eta0/bT0/bz1	8.9373779296875000e-01	1.5253230114588924e-10	4.3034115310633020e+09
/SS/5/PX-2PY-1PZ-2/b_X/eta0/bT0/bz2	7.1646118164062500e-01	1.7635767364909320e-10	3.2469183193785729e+09
/SS/5/PX-2PY-1PZ-2/b_X/eta0/bT0/bz3	4.8204135894775391e-01	1.8106353538950909e-10	2.4274055847187104e+09
/SS/5/PX-2PY-1PZ-2/b_X/eta0/bT0/bz4	3.0678606033325195e-01	1.5682460641355607e-10	1.6604464739379356e+09
/SS/5/PX-2PY-1PZ-2/b_X/eta0/bT0/bz5	1.9274544715881348e-01	2.6282098826819600e-10	6.3931308790269518e+08
/SS/5/PX-2PY-1PZ0/b_X/eta0/bT0/bz-1	1.1942596435546875e+00	3.6141366475108508e-11	3.3044119800428822e+10
/SS/5/PX-2PY-1PZ0/b_X/eta0/bT0/bz-2	1.0641250610351562e+00	3.8513149820706651e-11	2.7630174784172752e+10
/SS/5/PX-2PY-1PZ0/b_X/eta0/bT0/bz-3	9.1047668457031250e-01	4.2021968885678327e-11	2.1666683135368645e+10
/SS/5/PX-2PY-1PZ0/b_X/eta0/bT0/bz-4	7.5799179077148438e-01	4.6110240860056983e-11	1.6438686431327993e+10
/SS/5/PX-2PY-1PZ0/b_X/eta0/bT0/bz-5	6.1130332946777344e-01	4.9655541968437991e-11	1.2310878206833982e+10
/SS/5/PX-2PY-1PZ0/b_X/eta0/bT0/bz0	1.2434005737304688e+00	3.4709325895539471e-11	3.5823241784429451e+10
/SS/5/PX-2PY-1PZ0/b_X/eta0/bT0/bz1	1.1729660034179688e+00	3.3937353879535670e-11	3.4562682982931999e+10
/SS/5/PX-2PY-1PZ0/b_X/eta0/bT0/bz2	1.0140838623046875e+00	3.3690915281056101e-11	3.0099623410198410e+10
/SS/5/PX-2PY-1PZ0/b_X/eta0/bT0/bz3	8.3323669433593750e-01	3.4233677966327479e-11	2.4339677879645763e+10
/SS/5/PX-2PY-1PZ0/b_X/eta0/bT0/bz4	6.6829299926757812e-01	7.0733730329547805e-11	4.0906061729713612e+09
/SS/5/PX-2PY-1PZ0/b_X/eta0/bT0/bz5	5.3261566162109375e-01	7.1157645280313861e-11	3.8342702007659388e+09
/SS/5/PX-2PY-2PZ-1/b_X/eta0/bT0/bz-1	8.2496261596679688e-01	9.6372368276615707e-11	5.4439838870646086e+09
/SS/5/PX-2PY-2PZ-1/b_X/eta0/bT0/bz-2	7.0351409912109375e-01	8.1459740806349802e-11	4.8902130066406641e+09
/SS/5/PX-2PY-2PZ-1/b_X/eta0/bT0/bz-3	5.5816268920898438e-01	7.0012763230461254e-11	4.1188427602625823e+09
/SS/5/PX-2PY-2PZ-1/b_X/eta0/bT0/bz-4	4.2056465148925781e-01	6.0814244832656447e-11	3.4382334481764054e+09
/SS/5/PX-2PY-2PZ-1/b_X/eta0/bT0/bz-5	2.9883003234863281e-01	1.1476429475840385e-10	1.0898599556975083e+09
/SS/5/PX-2PY-2PZ-1/b_X/eta0/bT0/bz0	8.7435531616210938e-01	1.0804032950499561e-10	5.4847934160738859e+09
/SS/5/PX-2PY-2PZ-1/b_X/eta0/bT0/bz1	8.2826614379882812e-01	1.1178827444697094e-10	4.9110165359201536e+09
/SS/5/PX-2PY-2PZ-1/b_X/eta0/bT0/bz2	7.2114944458007812e-01	1.1235244273335056e-10	4.0000908244370236e+09
/SS/5/PX-2PY-2PZ-1/b_X/eta0/bT0/bz3	6.0355377197265625e-01	1.0923692987500895e-10	3.1341924092772284e+09
/SS/5/PX-2PY-2PZ-1/b_X/eta0/bT0/bz4	4.8581314086914062e-01	8.2013626033909244e-11	2.6380877050761538e+09
/SS/5/PX-2PY-2PZ-1/b_X/eta0/bT0/bz5	3.8107681274414062e-01	8.2782617332693053e-11	1.9314923194611521e+09
/SS/5/PX-2PY-2PZ-2/b_X/eta0/bT0/bz-1	8.0563163757324219e-01	1.8414367878416868e-10	3.9254017826183434e+09
/SS/5/PX-2PY-2PZ-2/b_X/eta0/bT0/bz-2	6.6936302185058594e-01	1.2856869216138115e-10	3.0227414372564716e+09
/SS/5/PX-2PY-2PZ-2/b_X/eta0/bT0/bz-3	5.3224945068359375e-01	7.6106603147580479e-11	6.9934726905560837e+09
/SS/5/PX-2PY-2PZ-2/b_X/eta0/bT0/bz-4	4.3018436431884766e-01	9.1158698827030967e-11	4.7190709153835201e+09
/SS/5/PX-2PY-2PZ-2/b_X/eta0/bT0/bz-5	3.6673355102539062e-01	1.1832668759966257e-10	3.0993308311491718e+09
/SS/5/PX-2PY-2PZ-2/b_X/eta0/bT0/bz0	9.0058612823486328e-01	1.8851540626081272e-10	4.7772547936421413e+09
/SS/5/PX-2PY-2PZ-2/b_X/eta0/bT0/bz1	8.7190437316894531e-01	1.5769296130278258e-10	5.4480033781540279e+09
/SS/5/PX-2PY-2PZ-2/b_X/eta0/bT0/bz2	7.5046730041503906e-01	1.2365133156294033e-10	5.5195745808416739e+09
/SS/5/PX-2PY-2PZ-2/b_X/eta0/bT0/bz3	5.6965923309326172e-01	9.8132477364664980e-11	4.8242476646811352e+09
/SS/5/PX-2PY-2PZ-2/b_X/eta0/bT0/bz4	4.1785240173339844e-01	8.1415540516416843e-11	3.7381582842249260e+09
/SS/5/PX-2PY-2PZ-2/b_X/eta0/bT0/bz5	2.9339313507080078e-01	6.7921948718234396e-11	2.7379790979861031e+09
/SS/5/PX-2PY-2PZ0/b_X/eta0/bT0/bz-1	5.6448745727539062e-01	5.2027978582675338e-11	7.9319897779870386e+09
/SS/5/PX-2PY-2PZ0/b_X/eta0/bT0/bz-2	5.6385421752929688e-01	1.4714898993180385e-10	8.4343480405934572e+08
/SS/5/PX-2PY-2PZ0/b_X/eta0/bT0/bz-3	5.1296806335449219e-01	3.1462902372924691e-10	6.5562016367508721e+08
/SS/5/PX-2PY-2PZ0/b_X/eta0/bT0/bz-4	4.3301486968994141e-01	7.3574588063828290e-11	1.8916914860397205e+09
/SS/5/PX-2PY-2PZ0/b_X/eta0/bT0/bz-5	3.5476779937744141e-01	6.9059774006890703e-11	3.3175988253192043e+09
/SS/5/PX-2PY-2PZ0/b_X/eta0/bT0/bz0	5.0829696655273438e-01	6.8275328629394839e-11	3.2503061698595519e+09
/SS/5/PX-2PY-2PZ0/b_X/eta0/bT0/bz1	4.1534805297851562e-01	5.2084693999830930e-11	4.3579977204609241e+09
/SS/5/PX-2PY-2PZ0/b_X/eta0/bT0/bz2	3.0874633789062500e-01	4.2219615196776395e-11	2.5995542043812518e+09
/SS/5/PX-2PY-2PZ0/b_X/eta0/bT0/bz3	2.6233196258544922e-01	6.1534902204845507e-11	1.8952205231548560e+09
/SS/5/PX-2PY-2PZ0/b_X/eta0/bT0/bz4	2.4108886718750000e-01	6.0673222698769683e-11	3.9735629073876233e+09
/SS/5/PX-2PY-2PZ0/b_X/eta0/bT0/bz5	2.0141172409057617e-01	8.3646908370978202e-11	2.4078800760609722e+09
/SS/5/PX-2PY0PZ-1/b_X/eta0/bT0/bz-1	1.6642150878906250e+00	2.1156839403092230e-10	6.8892121863798532e+09
/SS/5/PX-2PY0PZ-1/b_X/eta0/bT0/bz-2	1.3920917510986328e+00	2.5050703902028826e-10	4.8734966779686766e+09
/SS/5/PX-2PY0PZ-1/b_X/eta0/bT0/bz-3	1.0811653137207031e+00	3.5363330074155270e-10	2.5984018314846168e+09
/SS/5/PX-2PY0PZ-1/b_X/eta0/bT0/bz-4	8.0118370056152344e-01	1.3818338315416147e-09	4.3178561070959765e+08
/SS/5/PX-2PY0PZ-1/b_X/eta0/bT0/bz-5	5.9062576293945312e-01	3.0347876796522639e-10	1.3999056514834688e+09
/SS/5/PX-2PY0PZ-1/b_X/eta0/bT0/bz0	1.7794780731201172e+00	1.8820583176118072e-10	8.0920964142103405e+09
/SS/5/PX-2PY0PZ-1/b_X/eta0/bT0/bz1	1.6562423706054688e+00	1.7354110400083976e-10	7.9885295298170137e+09
/SS/5/PX-2PY0PZ-1/b_X/eta0/bT0/bz2	1.3630809783935547e+00	1.6468532979771433e-10	6.8267621621546745e+09
/SS/5/PX-2PY0PZ-1/b_X/eta0/bT0/bz3	1.0322103500366211e+00	1.5947106501198006e-10	5.2741658860052662e+09
/SS/5/PX-2PY0PZ-1/b_X/eta0/bT0/bz4	7.4031829833984375e-01	1.5990139153378112e-10	3.7271045262190328e+09
/SS/5/PX-2PY0PZ-1/b_X/eta0/bT0/bz5	5.5904960632324219e-01	1.7659161355890441e-10	2.2805941611778359e+09
/SS/5/PX-2PY0PZ-2/b_X/eta0/bT0/bz-1	9.7371578216552734e-01	1.9064908038801607e-10	3.3138228899070716e+09
/SS/5/PX-2PY0PZ-2/b_X/eta0/bT0/bz-2	7.9481315612792969e-01	1.5879905905027272e-10	5.0051502879264994e+09
/SS/5/PX-2PY0PZ-2/b_X/eta0/bT0/bz-3	5.8690977096557617e-01	2.0153281020265644e-10	2.5675641835819950e+09
/SS/5/PX-2PY0PZ-2/b_X/eta0/bT0/bz-4	4.3796730041503906e-01	3.3550215584883637e-10	4.0483552145472997e+08
/SS/5/PX-2PY0PZ-2/b_X/eta0/bT0/bz-5	3.1356430053710938e-01	1.8369007070853922e-10	7.7263152187013936e+08
/SS/5/PX-2PY0PZ-2/b_X/eta0/bT0/bz0	1.0371065139770508e+00	2.6010291616308839e-10	2.9333864445827165e+09
/SS/5/PX-2PY0PZ-2/b_X/eta0/bT0/bz1	9.4830989837646484e-01	2.7214908288232012e-10	9.2140527881715631e+08
/SS/5/PX-2PY0PZ-2/b_X/eta0/bT0/bz2	7.4625587463378906e-01	2.1642001013885104e-10	3.6922296802482343e+08
/SS/5/PX-2PY0PZ-2/b_X/eta0/bT0/bz3	5.1459598541259766e-01	1.8591018830453948e-10	2.6173260780179954e+08
/SS/5/PX-2PY0PZ-2/b_X/eta0/bT0/bz4	4.3249797821044922e-01	1.3710771215272631e-10	3.1544394652919545e+09
/SS/5/PX-2PY0PZ-2/b_X/eta0/bT0/bz5	3.1405448913574219e-01	1.2123214973106889e-10	2.5905214898227410e+09
/SS/5/PX-2PY0PZ0/b_X/eta0/bT0/bz-1	5.2529716491699219e-01	3.2118072065748192e-11	1.6355189808456375e+10
/SS/5/PX-2PY0PZ0/b_X/eta0/bT0/bz-2	5.1132011413574219e-01	4.1143419284309378e-11	1.2427749638463842e+10
/SS/5/PX-2PY0PZ0/b_X/eta0/bT0/bz-3	5.2938652038574219e-01	6.0198505278729680e-11	8.7940143685393753e+09
/SS/5/PX-2PY0PZ0/b_X/eta0/bT0/bz-4	5.1068401336669922e-01	7.6846244260426379e-11	6.6455298925999289e+09
/SS/5/PX-2PY0PZ0/b_X/eta0/bT0/bz-5	4.2205238342285156e-01	7.6905156816605513e-11	5.4879594671305733e+09
/SS/5/PX-2PY0PZ0/b_X/eta0/bT0/bz0	5.4827499389648438e-01	3.0834012555536562e-11	1.4985924595494093e+10
/SS/5/PX-2PY0PZ0/b_X/eta0/bT0/bz1	5.0967407226562500e-01	3.2733182351840874e-11	1.4752691066357956e+10
/SS/5/PX-2PY0PZ0/b_X/eta0/bT0/bz2	4.4091796875000000e-01	3.2706314357184318e-11	1.3090049956188850e+10
/SS/5/PX-2PY0PZ0/b_X/eta0/bT0/bz3	3.9986610412597656e-01	3.1581139590661617e-11	1.2314758533646048e+10
/SS/5/PX-2PY0PZ0/b_X/eta0/bT0/bz4	3.6373233795166016e-01	5.5460911903673013e-11	5.2571936900338974e+09
/SS/5/PX-2PY0PZ0/b_X/eta0/bT0/bz5	3.5850811004638672e-01	8.7545914867591892e-11	3.1281704877365036e+09
/SS/5/PX-2PY1PZ-1/b_X/eta0/bT0/bz-1	8.0912017822265625e-01	5.2567869642563467e-11	3.3619243745691504e+09
/SS/5/PX-2PY1PZ-1/b_X/eta0/bT0/bz-2	7.0790290832519531e-01	5.1260339495818988e-11	1.3809953568156427e+10
/SS/5/PX-2PY1PZ-1/b_X/eta0/bT0/bz-3	5.8351898193359375e-01	6.2903790912547281e-11	7.2685615744574738e+09
/SS/5/PX-2PY1PZ-1/b_X/eta0/bT0/bz-4	4.5938205718994141e-01	1.0685699643534242e-10	3.8838822244530735e+09
/SS/5/PX-2PY1PZ-1/b_X/eta0/bT0/bz-5	3.4290218353271484e-01	1.9177490936313013e-10	1.1380382133484356e+09
/SS/5/PX-2PY1PZ-1/b_X/eta0/bT0/bz0	8.5130500793457031e-01	9.1130729974905997e-11	3.7131414455800867e+09
/SS/5/PX-2PY1PZ-1/b_X/eta0/bT0/bz1	8.1414413452148438e-01	1.3378355272570660e-10	3.2534485952434554e+09
/SS/5/PX-2PY1PZ-1/b_X/eta0/bT0/bz2	7.1123123168945312e-01	2.2869768979555072e-10	1.9756811945914824e+09
/SS/5/PX-2PY1PZ-1/b_X/eta0/bT0/bz3	5.6856250762939453e-01	5.7033425566548310e-10	4.1538702391996664e+08
/SS/5/PX-2PY1PZ-1/b_X/eta0/bT0/bz4	4.9536514282226562e-01	4.2007111177698042e-10	1.1792411544959071e+09
/SS/5/PX-2PY1PZ-1/b_X/eta0/bT0/bz5	4.2769289016723633e-01	4.7537593200546582e-10	5.0105017489149147e+08
/SS/5/PX-2PY1PZ-2/b_X/eta0/bT0/bz-1	9.8631858825683594e-01	7.3469538925564878e-11	1.0200498043424482e+10
/SS/5/PX-2PY1PZ-2/b_X/eta0/bT0/bz-2	8.3913230895996094e-01	7.4521281504397277e-11	9.4617659049599209e+09
/SS/5/PX-2PY1PZ-2/b_X/eta0/bT0/bz-3	6.4930534362792969e-01	2.7697602714436527e-10	5.2270717820216560e+08
/SS/5/PX-2PY1PZ-2/b_X/eta0/bT0/bz-4	4.6753787994384766e-01	8.4217440847914518e-11	5.5515564856471806e+09
/SS/5/PX-2PY1PZ-2/b_X/eta0/bT0/bz-5	3.4274864196777344e-01	1.9435496509006399e-10	9.8324389251664066e+08
/SS/5/PX-2PY1PZ-2/b_X/eta0/bT0/bz0	1.0067672729492188e+00	7.4146599432732395e-11	9.5743260307582626e+09
/SS/5/PX-2PY1PZ-2/b_X/eta0/bT0/bz1	8.6852073669433594e-01	7.7968120755354662e-11	7.7785592226645927e+09
/SS/5/PX-2PY1PZ-2/b_X/eta0/bT0/bz2	6.5686416625976562e-01	9.3390970217436358e-11	4.2528745497459636e+09
/SS/5/PX-2PY1PZ-2/b_X/eta0/bT0/bz3	4.5381546020507812e-01	1.1333669615161134e-10	2.5975171878316984e+09
/SS/5/PX-2PY1PZ-2/b_X/eta0/bT0/bz4	2.8653907775878906e-01	9.3148271067284577e-11	2.1880960882943907e+09
/SS/5/PX-2PY1PZ-2/b_X/eta0/bT0/bz5	2.6985740661621094e-01	6.0027674917496457e-11	2.3801951171976275e+09
/SS/5/PX-2PY1PZ0/b_X/eta0/bT0/bz-1	1.7249565124511719e+00	1.9333566152908441e-10	8.9220814143058567e+09
/SS/5/PX-2PY1PZ0/b_X/eta0/bT0/bz-2	1.4307546615600586e+00	1.8473779196717436e-10	7.7447859819299240e+09
/SS/5/PX-2PY1PZ0/b_X/eta0/bT0/bz-3	1.0773239135742188e+00	1.7281820066344161e-10	6.2338567896113882e+09
/SS/5/PX-2PY1PZ0/b_X/eta0/bT0/bz-4	8.0488109588623047e-01	1.5758838109824803e-10	4.6982513479339590e+09
/SS/5/PX-2PY1PZ0/b_X/eta0/bT0/bz-5	5.8280467987060547e-01	1.4060821668269638e-10	3.5542945051366634e+09
/SS/5/PX-2PY1PZ0/b_X/eta0/bT0/bz0	1.8213043212890625e+00	1.9496415154768499e-10	9.3417395291954575e+09
/SS/5/PX-2PY1PZ0/b_X/eta0/bT0/bz1	1.6219482421875000e+00	1.8254618072278902e-10	8.8851392878526344e+09
/SS/5/PX-2PY1PZ0/b_X/eta0/bT0/bz2	1.2467460632324219e+00	1.5725149164109559e-10	7.9203583623342257e+09
/SS/5/PX-2PY1PZ0/b_X/eta0/bT0/bz3	9.5001983642578125e-01	1.2397369670944712e-10	6.9884080831290340e+09
/SS/5/PX-2PY1PZ0/b_X/eta0/bT0/bz4	7.1122360229492188e-01	8.8460427174640321e-11	6.3543661856262722e+09
/SS/5/PX-2PY1PZ0/b_X/eta0/bT0/bz5	6.2308120727539062e-01	8.9172517250591807e-11	4.0131368934467111e+09
/SS/5/PX-2PY2PZ-1/b_X/eta0/bT0/bz-1	3.7304687500000000e-01	6.7837340207823155e-11	4.9874595594292488e+09
/SS/5/PX-2PY2PZ-1/b_X/eta0/bT0/bz-2	3.8390922546386719e-01	6.4664472815240554e-11	5.9369420139057398e+09
/SS/5/PX-2PY2PZ-1/b_X/eta0/bT0/bz-3	4.0332221984863281e-01	6.1839017946772858e-11	6.5221317097206697e+09
/SS/5/PX-2PY2PZ-1/b_X/eta0/bT0/bz-4	3.9946365356445312e-01	5.9254472271173869e-11	6.7414937346220245e+09
/SS/5/PX-2PY2PZ-1/b_X/eta0/bT0/bz-5	3.7980556488037109e-01	5.9726198298176393e-11	5.7059317239273539e+09
/SS/5/PX-2PY2PZ-1/b_X/eta0/bT0/bz0	4.2806625366210938e-01	6.9946696388431163e-11	3.8168475918663392e+09
/SS/5/PX-2PY2PZ-1/b_X/eta0/bT0/bz1	3.9369392395019531e-01	8.1717344032515160e-11	4.5307304366767302e+09
/SS/5/PX-2PY2PZ-1/b_X/eta0/bT0/bz2	3.2245159149169922e-01	6.8874601315822990e-11	1.8396224429395461e+09
/SS/5/PX-2PY2PZ-1/b_X/eta0/bT0/bz3	2.2711372375488281e-01	7.8564175255565061e-11	1.0683200609055371e+09
/SS/5/PX-2PY2PZ-1/b_X/eta0/bT0/bz4	2.2041511535644531e-01	1.4748169364554484e-10	1.2413288572737489e+09
/SS/5/PX-2PY2PZ-1/b_X/eta0/bT0/bz5	2.7730226516723633e-01	3.5412046285239901e-10	1.8513696550631097e+08
/SS/5/PX-2PY2PZ-2/b_X/eta0/bT0/bz-1	9.1547966003417969e-01	2.2124304448558431e-10	2.5839825904161515e+09
/SS/5/PX-2PY2PZ-2/b_X/eta0/bT0/bz-2	7.4898529052734375e-01	4.0807445152022659e-10	1.2741808263759673e+09
/SS/5/PX-2PY2PZ-2/b_X/eta0/bT0/bz-3	5.7880783081054688e-01	9.7048824401460423e-11	4.9863374748428097e+09
/SS/5/PX-2PY2PZ-2/b_X/eta0/bT0/bz-4	4.4803810119628906e-01	2.5913303786410604e-10	1.0705478706458689e+09
/SS/5/PX-2PY2PZ-2/b_X/eta0/bT0/bz-5	3.5819244384765625e-01	1.6600208821369545e-10	1.2035204112421296e+09
/SS/5/PX-2PY2PZ-2/b_X/eta0/bT0/bz0	9.9505519866943359e-01	1.0212662209519176e-09	4.1729411335135174e+08
/SS/5/PX-2PY2PZ-2/b_X/eta0/bT0/bz1	9.3801021575927734e-01	2.8415288393196386e-10	1.3561646457240801e+09
/SS/5/PX-2PY2PZ-2/b_X/eta0/bT0/bz2	7.6484870910644531e-01	2.1073456125658204e-10	1.9279027928972588e+09
/SS/5/PX-2PY2PZ-2/b_X/eta0/bT0/bz3	5.4753684997558594e-01	1.7174917405367368e-10	2.1678579045106368e+09
/SS/5/PX-2PY2PZ-2/b_X/eta0/bT0/bz4	3.7665176391601562e-01	1.3775076219242690e-10	2.2520643404744325e+09
/SS/5/PX-2PY2PZ-2/b_X/eta0/bT0/bz5	2.8071117401123047e-01	2.2117259132442680e-10	6.9494315436017144e+08
/SS/5/PX-2PY2PZ0/b_X/eta0/bT0/bz-1	7.6379585266113281e-01	6.3748392731020209e-10	1.0027195788679355e+09
/SS/5/PX-2PY2PZ0/b_X/eta0/bT0/bz-2	5.9912872314453125e-01	1.2160222323731172e-09	3.5960579526267362e+08
/SS/5/PX-2PY2PZ0/b_X/eta0/bT0/bz-3	4.8519706726074219e-01	1.5838347064879746e-10	2.0039592318128536e+09
/SS/5/PX-2PY2PZ0/b_X/eta0/bT0/bz-4	4.3941497802734375e-01	1.4502102941941821e-10	1.7002714578592684e+09
/SS/5/PX-2PY2PZ0/b_X/eta0/bT0/bz-5	4.5221519470214844e-01	1.2901406980250824e-10	1.6418115329899354e+09
/SS/5/PX-2PY2PZ0/b_X/eta0/bT0/bz0	8.3742141723632812e-01	3.1242861655052949e-10	2.2081322657659998e+09
/SS/5/PX-2PY2PZ0/b_X/eta0/bT0/bz1	7.9939460754394531e-01	6.6428024500599319e-10	8.1516652458066547e+08
/SS/5/PX-2PY2PZ0/b_X/eta0/bT0/bz2	7.0013236999511719e-01	2.6829667535163600e-10	1.4122285933028700e+09
/SS/5/PX-2PY2PZ0/b_X/eta0/bT0/bz3	6.0095787048339844e-01	2.8651185583699451e-10	1.6149681421717455e+09
/SS/5/PX-2PY2PZ0/b_X/eta0/bT0/bz4	5.3138351440429688e-01	5.2430743601408121e-10	8.4395660459998107e+08
/SS/5/PX-2PY2PZ0/b_X/eta0/bT0/bz5	4.9130916595458984e-01	1.9401683961012987e-09	2.0385122102280685e+08
/SS/5/PX0PY-1PZ-1/b_X/eta0/bT0/bz-1	1.6718330383300781e+00	7.4872340966023023e-11	2.2329114019404762e+10
/SS/5/PX0PY-1PZ-1/b_X/eta0/bT0/bz-2	1.4061698913574219e+00	7.7438554997904240e-11	1.8158524411973827e+10
/SS/5/PX0PY-1PZ-1/b_X/eta0/bT0/bz-3	1.1032733917236328e+00	7.9166838246038094e-11	1.3936054744220459e+10
/SS/5/PX0PY-1PZ-1/b_X/eta0/bT0/bz-4	8.2770729064941406e-01	7.6709181592643526e-11	1.0790198428199524e+10
/SS/5/PX0PY-1PZ-1/b_X/eta0/bT0/bz-5	6.0061073303222656e-01	7.7730191203618922e-11	7.3651130525758247e+09
/SS/5/PX0PY-1PZ-1/b_X/eta0/bT0/bz0	1.7715339660644531e+00	7.2347966506451156e-11	2.4486299361385483e+10
/SS/5/PX0PY-1PZ-1/b_X/eta0/bT0/bz1	1.6166954040527344e+00	6.9338778394895606e-11	2.3315891071016445e+10
/SS/5/PX0PY-1PZ-1/b_X/eta0/bT0/bz2	1.3020019531250000e+00	6.6383233395074883e-11	1.9613415715625542e+10
/SS/5/PX0PY-1PZ-1/b_X/eta0/bT0/bz3	9.6845817565917969e-01	6.4092716213297051e-11	1.5110268886657946e+10
/SS/5/PX0PY-1PZ-1/b_X/eta0/bT0/bz4	6.9351577758789062e-01	6.2751951958629226e-11	1.1051700480091967e+10
/SS/5/PX0PY-1PZ-1/b_X/eta0/bT0/bz5	4.9427509307861328e-01	6.2610727729812928e-11	7.8944153981340427e+09
/SS/5/PX0PY-1PZ-2/b_X/eta0/bT0/bz-1	1.4489212036132812e+00	8.9532616680213066e-11	1.6183166061017141e+10
/SS/5/PX0PY-1PZ-2/b_X/eta0/bT0/bz-2	1.1546993255615234e+00	9.1796922866551414e-11	1.2578845668281851e+10
/SS/5/PX0PY-1PZ-2/b_X/eta0/bT0/bz-3	8.0364036560058594e-01	1.1391496730265660e-10	5.7901438329673662e+09
/SS/5/PX0PY-1PZ-2/b_X/eta0/bT0/bz-4	6.7864656448364258e-01	1.6828908626335138e-10	4.0326237402088308e+09
/SS/5/PX0PY-1PZ-2/b_X/eta0/bT0/bz-5	5.7844161987304688e-01	1.6415484613785385e-10	3.5237559748146791e+09
/SS/5/PX0PY-1PZ-2/b_X/eta0/bT0/bz0	1.5827980041503906e+00	8.5021502796434796e-11	1.8472015219639240e+10
/SS/5/PX0PY-1PZ-2/b_X/eta0/bT0/bz1	1.5038642883300781e+00	8.5554172671216195e-11	1.4515385607351364e+10
/SS/5/PX0PY-1PZ-2/b_X/eta0/bT0/bz2	1.2491340637207031e+00	9.7201327685299862e-11	1.2149173891357513e+10
/SS/5/PX0PY-1PZ-2/b_X/eta0/bT0/bz3	9.4897842407226562e-01	9.3723730508631415e-11	1.0125273705199669e+10
/SS/5/PX0PY-1PZ-2/b_X/eta0/bT0/bz4	6.5878295898437500e-01	7.8942136152902791e-11	8.3451372244143505e+09
/SS/5/PX0PY-1PZ-2/b_X/eta0/bT0/bz5	3.8580131530761719e-01	7.0724887394590988e-11	4.5086179682245398e+09
/SS/5/PX0PY-1PZ0/b_X/eta0/bT0/bz-1	2.4070930480957031e+00	7.5923257267195656e-11	3.0087334802485546e+10
/SS/5/PX0PY-1PZ0/b_X/eta0/bT0/bz-2	2.0678825378417969e+00	7.6756333423712953e-11	2.4958983250382202e+10
/SS/5/PX0PY-1PZ0/b_X/eta0/bT0/bz-3	1.6382369995117188e+00	7.6323294929721440e-11	1.9387291877429039e+10
/SS/5/PX0PY-1PZ0/b_X/eta0/bT0/bz-4	1.2215423583984375e+00	1.3894279613434282e-10	2.3794395458579245e+09
/SS/5/PX0PY-1PZ0/b_X/eta0/bT0/bz-5	8.6624908447265625e-01	4.0238062638069772e-10	1.1214063633212695e+09
/SS/5/PX0PY-1PZ0/b_X/eta0/bT0/bz0	2.5158462524414062e+00	7.3983123697905401e-11	3.2797947384551571e+10
/SS/5/PX0PY-1PZ0/b_X/eta0/bT0/bz1	2.3301925659179688e+00	7.1589632805306069e-11	3.1675044821752312e+10
/SS/5/PX0PY-1PZ0/b_X/eta0/bT0/bz2	1.9472427368164062e+00	6.8805178219748480e-11	2.7790140361178825e+10
/SS/5/PX0PY-1PZ0/b_X/eta0/bT0/bz3	1.5169029235839844e+00	6.5818225792534038e-11	2.3006049744974236e+10
/SS/5/PX0PY-1PZ0/b_X/eta0/bT0/bz4	1.1558647155761719e+00	6.2521536843530240e-11	1.8487464863010342e+10
/SS/5/PX0PY-1PZ0/b_X/eta0/bT0/bz5	8.5582923889160156e-01	8.8162467039345885e-11	1.9304306257333901e+09
/SS/5/PX0PY-2PZ-1/b_X/eta0/bT0/bz-1	9.6149444580078125e-01	6.0750653530633900e-11	8.2947266475605211e+09
/SS/5/PX0PY-2PZ-1/b_X/eta0/bT0/bz-2	7.8923034667968750e-01	5.7425277452963228e-11	7.0026675497128925e+09
/SS/5/PX0PY-2PZ-1/b_X/eta0/bT0/bz-3	6.2049865722656250e-01	5.5814289377834099e-11	5.5081949946311941e+09
/SS/5/PX0PY-2PZ-1/b_X/eta0/bT0/bz-4	5.0317955017089844e-01	5.8827135042361431e-11	4.0279666038628616e+09
/SS/5/PX0PY-2PZ-1/b_X/eta0/bT0/bz-5	4.4246578216552734e-01	7.6056895693408800e-11	5.8175629984839373e+09
/SS/5/PX0PY-2PZ-1/b_X/eta0/bT0/bz0	1.0445022583007812e+00	6.1284851338877450e-11	9.0805700983527603e+09
/SS/5/PX0PY-2PZ-1/b_X/eta0/bT0/bz1	9.7024154663085938e-01	6.2636796098903286e-11	1.1840021579089672e+10
/SS/5/PX0PY-2PZ-1/b_X/eta0/bT0/bz2	7.7502632141113281e-01	6.8340710652291201e-11	9.7886938392925987e+09
/SS/5/PX0PY-2PZ-1/b_X/eta0/bT0/bz3	5.4215335845947266e-01	7.5709870799911433e-11	7.1609336105234365e+09
/SS/5/PX0PY-2PZ-1/b_X/eta0/bT0/bz4	4.1106414794921875e-01	8.4093118363107067e-11	4.8882019831192141e+09
/SS/5/PX0PY-2PZ-1/b_X/eta0/bT0/bz5	3.6052274703979492e-01	9.0281912935588541e-11	3.2835891258979764e+09
/SS/5/PX0PY-2PZ-2/b_X/eta0/bT0/bz-1	3.2022285461425781e-01	2.4898261920865972e-10	9.9877977119159305e+08
/SS/5/PX0PY-2PZ-2/b_X/eta0/bT0/bz-2	3.1893539428710938e-01	1.1210201780147105e-10	1.8140094553395996e+09
/SS/5/PX0PY-2PZ-2/b_X/eta0/bT0/bz-3	2.8216361999511719e-01	4.9741808962389207e-11	2.3309337714957438e+09
/SS/5/PX0PY-2PZ-2/b_X/eta0/bT0/bz-4	2.4357700347900391e-01	4.3745001181733746e-11	4.4822146641221685e+09
/SS/5/PX0PY-2PZ-2/b_X/eta0/bT0/bz-5	2.3876476287841797e-01	8.1389093256184029e-11	1.1630614959135997e+09
/SS/5/PX0PY-2PZ-2/b_X/eta0/bT0/bz0	3.4831809997558594e-01	3.3312237830730863e-11	1.0456160337996239e+10
/SS/5/PX0PY-2PZ-2/b_X/eta0/bT0/bz1	3.1319618225097656e-01	3.1466621269066121e-11	9.9532828635424614e+09
/SS/5/PX0PY-2PZ-2/b_X/eta0/bT0/bz2	2.0239448547363281e-01	6.4659636947510999e-11	1.1907795404839594e+09
/SS/5/PX0PY-2PZ-2/b_X/eta0/bT0/bz3	1.8256092071533203e-01	3.7757991046439042e-11	3.8257988630767689e+09
/SS/5/PX0PY-2PZ-2/b_X/eta0/bT0/bz4	1.9732999801635742e-01	5.6533336412113780e-11	3.4905068502922144e+09
/SS/5/PX0PY-2PZ-2/b_X/eta0/bT0/bz5	1.9435977935791016e-01	1.1562796465653468e-10	1.6809063441983364e+09
/SS/5/PX0PY-2PZ0/b_X/eta0/bT0/bz-1	7.6591873168945312e-01	5.4205363404634627e-11	1.4129943673137815e+10
/SS/5/PX0PY-2PZ0/b_X/eta0/bT0/bz-2	6.3185882568359375e-01	5.6377166964193674e-11	1.1207708008543612e+10
/SS/5/PX0PY-2PZ0/b_X/eta0/bT0/bz-3	4.8704147338867188e-01	5.8376304558129063e-11	7.9374642891667547e+09
/SS/5/PX0PY-2PZ0/b_X/eta0/bT0/bz-4	3.6339187622070312e-01	6.7442318368593732e-11	4.0137434436646967e+09
/SS/5/PX0PY-2PZ0/b_X/eta0/bT0/bz-5	2.5913429260253906e-01	7.8962393147291344e-11	2.2922092167378693e+09
/SS/5/PX0PY-2PZ0/b_X/eta0/bT0/bz0	8.2808113098144531e-01	5.4323610112841384e-11	1.5243484909440838e+10
/SS/5/PX0PY-2PZ0/b_X/eta0/bT0/bz1	7.8557968139648438e-01	5.7055387897263064e-11	1.3768720367146404e+10
/SS/5/PX0PY-2PZ0/b_X/eta0/bT0/bz2	6.5635108947753906e-01	5.9873335543232025e-11	1.0962327111433695e+10
/SS/5/PX0PY-2PZ0/b_X/eta0/bT0/bz3	4.7289085388183594e-01	7.9692865857416149e-11	2.6753557641828465e+09
/SS/5/PX0PY-2PZ0/b_X/eta0/bT0/bz4	3.6410522460937500e-01	9.0001544927825034e-11	8.2470882196377325e+08
/SS/5/PX0PY-2PZ0/b_X/eta0/bT0/bz5	2.1506977081298828e-01	4.0939528000312527e-11	5.2533524766418037e+09
/SS/5/PX0PY0PZ-1/b_X/eta0/bT0/bz-1	1.7025947570800781e+00	1.2490573617213386e-10	1.3631037366720411e+10
/SS/5/PX0PY0PZ-1/b_X/eta0/bT0/bz-2	1.4108657836914062e+00	1.4428995488355273e-10	9.5655896973095722e+09
/SS/5/PX0PY0PZ-1/b_X/eta0/bT0/bz-3	1.1436500549316406e+00	1.6373816865691264e-10	5.7336946011204414e+09
/SS/5/PX0PY0PZ-1/b_X/eta0/bT0/bz-4	7.6705646514892578e-01	1.7537584639273187e-10	4.3737862478006268e+09
/SS/5/PX0PY0PZ-1/b_X/eta0/bT0/bz-5	5.1936912536621094e-01	7.1988602087685406e-11	4.8596869697105589e+09
/SS/5/PX0PY0PZ-1/b_X/eta0/bT0/bz0	1.8438816070556641e+00	1.1513241570460078e-10	1.6015312418933125e+10
/SS/5/PX0PY0PZ-1/b_X/eta0/bT0/bz1	1.7430324554443359e+00	1.1354957693320913e-10	1.5350409068187046e+10
/SS/5/PX0PY0PZ-1/b_X/eta0/bT0/bz2	1.4564247131347656e+00	1.1606703550598373e-10	1.2548133988135511e+10
/SS/5/PX0PY0PZ-1/b_X/eta0/bT0/bz3	1.1071262359619141e+00	1.2238665768107640e-10	9.0461350684724140e+09
/SS/5/PX0PY0PZ-1/b_X/eta0/bT0/bz4	8.4163475036621094e-01	1.3463898638667528e-10	5.8473198796868048e+09
/SS/5/PX0PY0PZ-1/b_X/eta0/bT0/bz5	6.3886070251464844e-01	2.3489712374385665e-10	2.6479057111149783e+09
/SS/5/PX0PY0PZ-2/b_X/eta0/bT0/bz-1	1.1729087829589844e+00	2.5955660885433022e-10	3.1275165048121915e+09
/SS/5/PX0PY0PZ-2/b_X/eta0/bT0/bz-2	1.0157928466796875e+00	2.9459711932364097e-10	3.0011171404349909e+09
/SS/5/PX0PY0PZ-2/b_X/eta0/bT0/bz-3	7.9901409149169922e-01	2.7220937054764797e-10	1.6413415472227881e+09
/SS/5/PX0PY0PZ-2/b_X/eta0/bT0/bz-4	5.7368230819702148e-01	4.5337716047550344e-10	8.4430065066069853e+08
/SS/5/PX0PY0PZ-2/b_X/eta0/bT0/bz-5	4.3341875076293945e-01	2.2587537978091943e-10	7.1023548239594400e+08
/SS/5/PX0PY0PZ-2/b_X/eta0/bT0/bz0	1.1939029693603516e+00	2.4993995866594358e-10	3.9116736250471067e+09
/SS/5/PX0PY0PZ-2/b_X/eta0/bT0/bz1	1.1293516159057617e+00	2.9465232248901056e-10	3.4015108405948939e+09
/SS/5/PX0PY0PZ-2/b_X/eta0/bT0/bz2	9.3176603317260742e-01	1.3463167906177686e-09	5.1692821634609777e+08
/SS/5/PX0PY0PZ-2/b_X/eta0/bT0/bz3	6.3571858406066895e-01	4.2345055026599305e-10	1.5012817521699722e+09
/SS/5/PX0PY0PZ-2/b_X/eta0/bT0/bz4	3.4654426574707031e-01	1.2210016924447430e-10	2.1710705480603580e+09
/SS/5/PX0PY0PZ-2/b_X/eta0/bT0/bz5	3.8172030448913574e-01	1.8031894934992835e-10	2.1169173060584240e+09
/SS/5/PX0PY0PZ0/b_X/eta0/bT0/bz-1	2.7526321411132812e+00	8.4542392744826431e-11	3.1626302359535538e+10
/SS/5/PX0PY0PZ0/b_X/eta0/bT0/bz-2	2.2562370300292969e+00	8.4602758920988555e-11	2.4415250288808804e+10
/SS/5/PX0PY0PZ0/b_X/eta0/bT0/bz-3	1.7479820251464844e+00	8.6357019647811050e-11	1.9198095610357742e+10
/SS/5/PX0PY0PZ0/b_X/eta0/bT0/bz-4	1.3202381134033203e+00	8.5086691549996121e-11	1.5047075389862379e+10
/SS/5/PX0PY0PZ0/b_X/eta0/bT0/bz-5	9.9773788452148438e-01	8.1684644982082449e-11	1.0289523366561548e+10
/SS/5/PX0PY0PZ0/b_X/eta0/bT0/bz0	2.9996337890625000e+00	8.4761477886417181e-11	3.4004939883461147e+10
/SS/5/PX0PY0PZ0/b_X/eta0/bT0/bz1	2.8802947998046875e+00	8.5771156464488422e-11	3.2162174293254997e+10
/SS/5/PX0PY0PZ0/b_X/eta0/bT0/bz2	2.4921340942382812e+00	8.7563826942041275e-11	2.7142197127504906e+10
/SS/5/PX0PY0PZ0/b_X/eta0/bT0/bz3	2.0075607299804688e+00	8.9541651953317357e-11	2.1185493666464760e+10
/SS/5/PX0PY0PZ0/b_X/eta0/bT0/bz4	1.5339012145996094e+00	8.9978813059846403e-11	1.5878240297567005e+10
/SS/5/PX0PY0PZ0/b_X/eta0/bT0/bz5	1.1203823089599609e+00	1.1026000862225031e-10	6.6898526849274015e+09
/SS/5/PX0PY1PZ-1/b_X/eta0/bT0/bz-1	1.0243034362792969e+00	2.0141291454172236e-10	5.0855896634528570e+09
/SS/5/PX0PY1PZ-1/b_X/eta0/bT0/bz-2	9.0710830688476562e-01	2.0060066353786800e-10	4.5219606500131445e+09
/SS/5/PX0PY1PZ-1/b_X/eta0/bT0/bz-3	7.6798534393310547e-01	1.8046168692650587e-10	4.2556697602293401e+09
/SS/5/PX0PY1PZ-1/b_X/eta0/bT0/bz-4	6.3243055343627930e-01	1.5768563663612238e-10	4.0107048868102365e+09
/SS/5/PX0PY1PZ-1/b_X/eta0/bT0/bz-5	5.0590562820434570e-01	1.4722402968293285e-10	3.4362979283604918e+09
/SS/5/PX0PY1PZ-1/b_X/eta0/bT0/bz0	1.0558347702026367e+00	1.7477549298840713e-10	6.0410916436246033e+09
/SS/5/PX0PY1PZ-1/b_X/eta0/bT0/bz1	9.7064685821533203e-01	1.3116208192336840e-10	7.4003617812534685e+09
/SS/5/PX0PY1PZ-1/b_X/eta0/bT0/bz2	8.2350158691406250e-01	9.5832974529585538e-11	8.5930922102374191e+09
/SS/5/PX0PY1PZ-1/b_X/eta0/bT0/bz3	6.7743492126464844e-01	8.0473543481375409e-11	5.5346582621899242e+09
/SS/5/PX0PY1PZ-1/b_X/eta0/bT0/bz4	5.5338668823242188e-01	1.7544799877991251e-10	2.5018839866386123e+09
/SS/5/PX0PY1PZ-1/b_X/eta0/bT0/bz5	4.5049190521240234e-01	9.5545163140970590e-11	2.7174356514366202e+09
/SS/5/PX0PY1PZ-2/b_X/eta0/bT0/bz-1	5.5451178550720215e-01	4.1801288172313224e-10	1.3265423381724370e+09
/SS/5/PX0PY1PZ-2/b_X/eta0/bT0/bz-2	4.4917273521423340e-01	4.9076754413551145e-10	5.8239265145628726e+08
/SS/5/PX0PY1PZ-2/b_X/eta0/bT0/bz-3	3.5710883140563965e-01	2.9400214210915395e-10	7.1967461804176712e+08
/SS/5/PX0PY1PZ-2/b_X/eta0/bT0/bz-4	2.6244068145751953e-01	1.8204690629647714e-10	1.4416102245105724e+09
/SS/5/PX0PY1PZ-2/b_X/eta0/bT0/bz-5	1.8048286437988281e-01	1.2430418104034737e-10	1.3157903727478926e+09
/SS/5/PX0PY1PZ-2/b_X/eta0/bT0/bz0	6.4995574951171875e-01	4.3781241043373003e-10	8.8884261546376538e+08
/SS/5/PX0PY1PZ-2/b_X/eta0/bT0/bz1	6.2607860565185547e-01	2.3028615783594928e-10	2.7186983861090770e+09
/SS/5/PX0PY1PZ-2/b_X/eta0/bT0/bz2	5.1177692413330078e-01	1.6045976362308805e-10	3.1894408453413854e+09
/SS/5/PX0PY1PZ-2/b_X/eta0/bT0/bz3	4.1064643859863281e-01	2.4058793538065983e-10	1.3416157194429364e+09
/SS/5/PX0PY1PZ-2/b_X/eta0/bT0/bz4	4.5390319824218750e-01	2.9999779291080151e-10	1.1903365605570819e+09
/SS/5/PX0PY1PZ-2/b_X/eta0/bT0/bz5	4.2913627624511719e-01	2.4568470581615429e-10	1.2126741257666593e+09
/SS/5/PX0PY1PZ0/b_X/eta0/bT0/bz-1	1.4562625885009766e+00	6.3181259596516384e-10	2.2032546933577838e+09
/SS/5/PX0PY1PZ0/b_X/eta0/bT0/bz-2	1.2699165344238281e+00	2.6825526553693686e-10	3.6411139505481567e+09
/SS/5/PX0PY1PZ0/b_X/eta0/bT0/bz-3	9.3102645874023438e-01	1.9610500453285648e-10	3.5971545903319454e+09
/SS/5/PX0PY1PZ0/b_X/eta0/bT0/bz-4	5.9369468688964844e-01	1.1772708823504755e-10	3.5692911593130574e+09
/SS/5/PX0PY1PZ0/b_X/eta0/bT0/bz-5	3.5224628448486328e-01	6.1414928971586740e-11	3.4122837259267287e+09
/SS/5/PX0PY1PZ0/b_X/eta0/bT0/bz0	1.8173129558563232e+00	1.6063740552747868e-09	1.1313136874247220e+09
/SS/5/PX0PY1PZ0/b_X/eta0/bT0/bz1	1.5273870527744293e+00	6.6191804810348430e-09	2.3075168552219889e+08
/SS/5/PX0PY1PZ0/b_X/eta0/bT0/bz2	1.1221404075622559e+00	6.1042840460926879e-10	1.2236502416200447e+09
/SS/5/PX0PY1PZ0/b_X/eta0/bT0/bz3	8.2828855514526367e-01	3.0529532905539939e-10	2.3761020119634314e+09
/SS/5/PX0PY1PZ0/b_X/eta0/bT0/bz4	5.7615089416503906e-01	2.7409708332512010e-10	1.9115902265796449e+09
/SS/5/PX0PY1PZ0/b_X/eta0/bT0/bz5	4.6889114379882812e-01	2.5692247223674530e-10	1.4790644022074428e+09
/SS/5/PX0PY2PZ-1/b_X/eta0/bT0/bz-1	9.6244716644287109e-01	1.2354038270056130e-09	3.8876934339073181e+08
/SS/5/PX0PY2PZ-1/b_X/eta0/bT0/bz-2	6.3440322875976562e-01	1.8816537192981150e-10	2.1731304018698668e+09
/SS/5/PX0PY2PZ-1/b_X/eta0/bT0/bz-3	3.9173126220703125e-01	8.7226685107603672e-11	3.1742992617542181e+09
/SS/5/PX0PY2PZ-1/b_X/eta0/bT0/bz-4	3.1567001342773438e-01	8.7154051494056365e-11	1.5841637817433848e+09
/SS/5/PX0PY2PZ-1/b_X/eta0/bT0/bz-5	3.0251932144165039e-01	2.0458886425904343e-10	9.2024675174561846e+08
/SS/5/PX0PY2PZ-1/b_X/eta0/bT0/bz0	1.1405401229858398e+00	2.4282063246638805e-10	2.0822875790934396e+09
/SS/5/PX0PY2PZ-1/b_X/eta0/bT0/bz1	1.1381511688232422e+00	1.1618275663736604e-10	9.7962141867203426e+09
/SS/5/PX0PY2PZ-1/b_X/eta0/bT0/bz2	1.0198535919189453e+00	1.0582173302970954e-10	9.6374682470246506e+09
/SS/5/PX0PY2PZ-1/b_X/eta0/bT0/bz3	8.5706901550292969e-01	1.3057376756213142e-10	1.3427488624705720e+09
/SS/5/PX0PY2PZ-1/b_X/eta0/bT0/bz4	6.8565177917480469e-01	1.3875644089171412e-10	8.4895239735826349e+08
/SS/5/PX0PY2PZ-1/b_X/eta0/bT0/bz5	5.1434898376464844e-01	1.1203288462085016e-10	4.3004045601054649e+09
/SS/5/PX0PY2PZ-2/b_X/eta0/bT0/bz-1	4.7492599487304688e-01	1.6263402494765292e-09	2.4292077531313163e+08
/SS/5/PX0PY2PZ-2/b_X/eta0/bT0/bz-2	4.3850708007812500e-01	3.5364465145722895e-10	9.3143656438359308e+08
/SS/5/PX0PY2PZ-2/b_X/eta0/bT0/bz-3	4.0571212768554688e-01	6.2098154569665763e-10	4.5747214073798692e+08
/SS/5/PX0PY2PZ-2/b_X/eta0/bT0/bz-4	3.6092948913574219e-01	2.2811627131585233e-10	6.3186032322231305e+08
/SS/5/PX0PY2PZ-2/b_X/eta0/bT0/bz-5	3.0692863464355469e-01	6.5707394501376509e-11	1.1574772071668108e+09
/SS/5/PX0PY2PZ-2/b_X/eta0/bT0/bz0	5.8650970458984375e-01	7.5843570296658514e-10	5.6073322034190333e+08
/SS/5/PX0PY2PZ-2/b_X/eta0/bT0/bz1	6.4454650878906250e-01	2.2854867232621567e-10	1.7990145040831473e+09
/SS/5/PX0PY2PZ-2/b_X/eta0/bT0/bz2	6.1983680725097656e-01	1.2859753450329935e-10	3.0154929438075113e+09
/SS/5/PX0PY2PZ-2/b_X/eta0/bT0/bz3	5.3772163391113281e-01	9.9125571886298365e-11	3.8230935193657756e+09
/SS/5/PX0PY2PZ-2/b_X/eta0/bT0/bz4	4.2970466613769531e-01	9.0397183530058553e-11	3.5316061111839757e+09
/SS/5/PX0PY2PZ-2/b_X/eta0/bT0/bz5	3.2105255126953125e-01	7.6010226572547452e-11	3.4062294439082813e+09
/SS/5/PX0PY2PZ0/b_X/eta0/bT0/bz-1	9.0197753906250000e-01	6.2358765168736621e-11	1.4464326492383844e+10
/SS/5/PX0PY2PZ0/b_X/eta0/bT0/bz-2	7.3506355285644531e-01	6.7020512518191485e-11	1.0967739953598921e+10
/SS/5/PX0PY2PZ0/b_X/eta0/bT0/bz-3	5.9069347381591797e-01	8.5750910750899486e-11	6.8884804679432735e+09
/SS/5/PX0PY2PZ0/b_X/eta0/bT0/bz-4	4.9213218688964844e-01	1.5338583403861203e-10	3.2084591773042307e+09
/SS/5/PX0PY2PZ0/b_X/eta0/bT0/bz-5	3.1240081787109375e-01	8.4835533550537244e-11	3.0865421451147699e+09
/SS/5/PX0PY2PZ0/b_X/eta0/bT0/bz0	9.8446083068847656e-01	5.7933163656655285e-11	1.6993044545658659e+10
/SS/5/PX0PY2PZ0/b_X/eta0/bT0/bz1	9.6713638305664062e-01	5.6021540580095380e-11	1.7263652035307774e+10
/SS/5/PX0PY2PZ0/b_X/eta0/bT0/bz2	8.7039566040039062e-01	5.4777723976073247e-11	1.5889591556972630e+10
/SS/5/PX0PY2PZ0/b_X/eta0/bT0/bz3	7.3992538452148438e-01	5.3237632826335122e-11	1.3898540285124485e+10
/SS/5/PX0PY2PZ0/b_X/eta0/bT0/bz4	6.1086273193359375e-01	5.1365294458751993e-11	1.1892518837288794e+10
/SS/5/PX0PY2PZ0/b_X/eta0/bT0/bz5	4.9461174011230469e-01	5.6444489295398857e-11	5.9717329888160372e+09
/SS/5/PX1PY-1PZ-1/b_X/eta0/bT0/bz-1	1.5925207138061523e+00	2.7700012033617219e-10	5.6411154027274647e+09
/SS/5/PX1PY-1PZ-1/b_X/eta0/bT0/bz-2	1.3665752410888672e+00	2.8937231296901303e-10	4.6504145605508204e+09
/SS/5/PX1PY-1PZ-1/b_X/eta0/bT0/bz-3	1.1175165176391602e+00	3.0492191656148923e-10	3.4307414096246367e+09
/SS/5/PX1PY-1PZ-1/b_X/eta0/bT0/bz-4	8.4580707550048828e-01	2.9904404473266666e-10	2.3773974851817012e+09
/SS/5/PX1PY-1PZ-1/b_X/eta0/bT0/bz-5	5.1436710357666016e-01	2.0744777988145256e-10	1.6313498965329869e+09
/SS/5/PX1PY-1PZ-1/b_X/eta0/bT0/bz0	1.6847476959228516e+00	2.7403465471807605e-10	5.9233817063271847e+09
/SS/5/PX1PY-1PZ-1/b_X/eta0/bT0/bz1	1.5503959655761719e+00	2.9371370217375378e-10	5.1834472894545441e+09
/SS/5/PX1PY-1PZ-1/b_X/eta0/bT0/bz2	1.3465399742126465e+00	3.5200838626780954e-10	3.8253065175219803e+09
/SS/5/PX1PY-1PZ-1/b_X/eta0/bT0/bz3	1.0919818878173828e+00	4.1944481706053580e-10	2.6033982145016804e+09
/SS/5/PX1PY-1PZ-1/b_X/eta0/bT0/bz4	6.1835432052612305e-01	2.6031896064766252e-10	2.3753718092131429e+09
/SS/5/PX1PY-1PZ-1/b_X/eta0/bT0/bz5	5.1103973388671875e-01	1.0808361759066364e-10	4.7281886494782057e+09
/SS/5/PX1PY-1PZ-2/b_X/eta0/bT0/bz-1	6.4268589019775391e-01	3.8907786606492547e-10	9.1563059345306540e+08
/SS/5/PX1PY-1PZ-2/b_X/eta0/bT0/bz-2	5.5520391464233398e-01	3.9185389907611887e-10	7.5849087682660389e+08
/SS/5/PX1PY-1PZ-2/b_X/eta0/bT0/bz-3	5.0913476943969727e-01	4.0716370326302880e-10	5.8729774470871556e+08
/SS/5/PX1PY-1PZ-2/b_X/eta0/bT0/bz-4	3.7247228622436523e-01	2.2483057467674577e-10	1.6566798655382793e+09
/SS/5/PX1PY-1PZ-2/b_X/eta0/bT0/bz-5	3.3222079277038574e-01	2.8962274157616312e-10	9.4871248245592856e+08
/SS/5/PX1PY-1PZ-2/b_X/eta0/bT0/bz0	7.2449207305908203e-01	2.4414610167110846e-10	2.3530253408887858e+09
/SS/5/PX1PY-1PZ-2/b_X/eta0/bT0/bz1	7.3480892181396484e-01	2.5360197945018443e-10	2.1525983632111788e+09
/SS/5/PX1PY-1PZ-2/b_X/eta0/bT0/bz2	6.8461132049560547e-01	2.4800486386251600e-10	1.5103847628336272e+09
/SS/5/PX1PY-1PZ-2/b_X/eta0/bT0/bz3	5.9792947769165039e-01	2.5503333007353609e-10	1.5812228246253667e+09
/SS/5/PX1PY-1PZ-2/b_X/eta0/bT0/bz4	4.9879074096679688e-01	1.0873239363213606e-09	3.6826088732703018e+08
/SS/5/PX1PY-1PZ-2/b_X/eta0/bT0/bz5	4.0656375885009766e-01	3.2585928393304084e-10	8.4013760032905674e+08
/SS/5/PX1PY-1PZ0/b_X/eta0/bT0/bz-1	2.3054809570312500e+00	4.4765492988715641e-11	3.0211404945774040e+10
/SS/5/PX1PY-1PZ0/b_X/eta0/bT0/bz-2	1.9572296142578125e+00	4.4075703250344686e-11	2.5021764517555523e+10
/SS/5/PX1PY-1PZ0/b_X/eta0/bT0/bz-3	1.5611801147460938e+00	4.5032020841300154e-11	3.0676904963915802e+10
/SS/5/PX1PY-1PZ0/b_X/eta0/bT0/bz-4	1.1920356750488281e+00	5.0351949838238176e-11	1.4166524858311436e+10
/SS/5/PX1PY-1PZ0/b_X/eta0/bT0/bz-5	8.7958526611328125e-01	6.5092960072559102e-11	8.6883705577696819e+09
/SS/5/PX1PY-1PZ0/b_X/eta0/bT0/bz0	2.4751281738281250e+00	4.4738583558448445e-11	3.2962705234174923e+10
/SS/5/PX1PY-1PZ0/b_X/eta0/bT0/bz1	2.3696365356445312e+00	4.4577338112798592e-11	5.3157874291380920e+10
/SS/5/PX1PY-1PZ0/b_X/eta0/bT0/bz2	2.0519027709960938e+00	4.6349604991735327e-11	4.4270124230011711e+10
/SS/5/PX1PY-1PZ0/b_X/eta0/bT0/bz3	1.6549682617187500e+00	4.8616748776465134e-11	3.4041113471575932e+10
/SS/5/PX1PY-1PZ0/b_X/eta0/bT0/bz4	1.2749938964843750e+00	5.1347097887581858e-11	2.4830885267864933e+10
/SS/5/PX1PY-1PZ0/b_X/eta0/bT0/bz5	9.5016860961914062e-01	5.4021073530374208e-11	1.7588850933976593e+10
/SS/5/PX1PY-2PZ-1/b_X/eta0/bT0/bz-1	9.4085121154785156e-01	1.7780208043177094e-10	5.2915646952111454e+09
/SS/5/PX1PY-2PZ-1/b_X/eta0/bT0/bz-2	7.6416206359863281e-01	1.6878443349814668e-10	2.8636938197989769e+09
/SS/5/PX1PY-2PZ-1/b_X/eta0/bT0/bz-3	5.7111167907714844e-01	2.3786259914690505e-10	1.1649766661106780e+09
/SS/5/PX1PY-2PZ-1/b_X/eta0/bT0/bz-4	4.0528964996337891e-01	2.3623286741130998e-10	1.2061807090352187e+09
/SS/5/PX1PY-2PZ-1/b_X/eta0/bT0/bz-5	2.7078533172607422e-01	1.0828732258364477e-10	2.3328873731994357e+09
/SS/5/PX1PY-2PZ-1/b_X/eta0/bT0/bz0	1.0175065994262695e+00	2.1883677110617545e-10	4.6496143873946791e+09
/SS/5/PX1PY-2PZ-1/b_X/eta0/bT0/bz1	1.0064268112182617e+00	2.4405718216909999e-10	3.8580627563948398e+09
/SS/5/PX1PY-2PZ-1/b_X/eta0/bT0/bz2	9.1198635101318359e-01	2.5374081691247813e-10	3.5941649518995271e+09
/SS/5/PX1PY-2PZ-1/b_X/eta0/bT0/bz3	7.9850769042968750e-01	4.2325448989050756e-10	1.8865900055454931e+09
/SS/5/PX1PY-2PZ-1/b_X/eta0/bT0/bz4	6.6154146194458008e-01	5.6391281639296750e-10	1.1731271975268943e+09
/SS/5/PX1PY-2PZ-1/b_X/eta0/bT0/bz5	3.8315391540527344e-01	3.6625193944989652e-10	6.5413086333245909e+08
/SS/5/PX1PY-2PZ-2/b_X/eta0/bT0/bz-1	7.9245758056640625e-01	7.3778756778098050e-11	7.9375658620985403e+09
/SS/5/PX1PY-2PZ-2/b_X/eta0/bT0/bz-2	6.6254997253417969e-01	7.1137986646268910e-11	7.0752464379379807e+09
/SS/5/PX1PY-2PZ-2/b_X/eta0/bT0/bz-3	4.8354530334472656e-01	6.9139303534370939e-11	5.5920996194824867e+09
/SS/5/PX1PY-2PZ-2/b_X/eta0/bT0/bz-4	3.4136390686035156e-01	7.5547745020014821e-11	4.2507624926459465e+09
/SS/5/PX1PY-2PZ-2/b_X/eta0/bT0/bz-5	2.9829502105712891e-01	9.3898378886774918e-11	1.3686960786274328e+09
/SS/5/PX1PY-2PZ-2/b_X/eta0/bT0/bz0	8.0654907226562500e-01	6.6352932077739980e-11	8.0507539737043028e+09
/SS/5/PX1PY-2PZ-2/b_X/eta0/bT0/bz1	7.0001602172851562e-01	4.7794440834990472e-11	7.8553592912410383e+09
/SS/5/PX1PY-2PZ-2/b_X/eta0/bT0/bz2	5.4306793212890625e-01	4.2928443503407225e-11	1.2650538612838432e+10
/SS/5/PX1PY-2PZ-2/b_X/eta0/bT0/bz3	4.0996360778808594e-01	4.1015503320736057e-11	9.9953328521223373e+09
/SS/5/PX1PY-2PZ-2/b_X/eta0/bT0/bz4	2.8039169311523438e-01	7.0862412706342215e-11	3.3519043950293684e+09
/SS/5/PX1PY-2PZ-2/b_X/eta0/bT0/bz5	3.4533667564392090e-01	1.6522989278119521e-10	2.0900375218498211e+09
/SS/5/PX1PY-2PZ0/b_X/eta0/bT0/bz-1	3.8916015625000000e-01	3.7835830383222947e-11	8.4258496676532364e+09
/SS/5/PX1PY-2PZ0/b_X/eta0/bT0/bz-2	3.3896923065185547e-01	4.9816559016774783e-11	5.3397581512127733e+09
/SS/5/PX1PY-2PZ0/b_X/eta0/bT0/bz-3	3.2135772705078125e-01	8.5877729253050388e-11	2.2306829967932997e+09
/SS/5/PX1PY-2PZ0/b_X/eta0/bT0/bz-4	2.2150325775146484e-01	1.3963232457530901e-10	6.2794323982602966e+08
/SS/5/PX1PY-2PZ0/b_X/eta0/bT0/bz-5	2.1247839927673340e-01	1.3747439890865223e-10	1.1492111914765444e+09
/SS/5/PX1PY-2PZ0/b_X/eta0/bT0/bz0	3.9671897888183594e-01	4.0414469980709684e-11	9.8162608360618038e+09
/SS/5/PX1PY-2PZ0/b_X/eta0/bT0/bz1	2.9788208007812500e-01	3.8987547149442241e-11	7.5886332818505917e+09
/SS/5/PX1PY-2PZ0/b_X/eta0/bT0/bz2	2.4887847900390625e-01	2.4400135979743434e-11	6.1877875138003988e+09
/SS/5/PX1PY-2PZ0/b_X/eta0/bT0/bz3	3.1030130386352539e-01	9.0815762696909527e-11	3.4168220873630891e+09
/SS/5/PX1PY-2PZ0/b_X/eta0/bT0/bz4	4.6470832824707031e-01	4.9321961631052129e-10	7.1282241334516394e+08
/SS/5/PX1PY-2PZ0/b_X/eta0/bT0/bz5	2.6101565361022949e-01	1.4031713525653091e-10	1.8601837411591597e+09
/SS/5/PX1PY0PZ-1/b_X/eta0/bT0/bz-1	1.1095905303955078e+00	1.7894149231142092e-10	5.6083299311014042e+09
/SS/5/PX1PY0PZ-1/b_X/eta0/bT0/bz-2	9.9575328826904297e-01	1.6450134149648713e-10	5.1952796402826252e+09
/SS/5/PX1PY0PZ-1/b_X/eta0/bT0/bz-3	8.1095409393310547e-01	1.5981955900544591e-10	4.1547483427230039e+09
/SS/5/PX1PY0PZ-1/b_X/eta0/bT0/bz-4	6.4735507965087891e-01	1.3566086337531905e-10	3.2661872088858714e+09
/SS/5/PX1PY0PZ-1/b_X/eta0/bT0/bz-5	5.2622222900390625e-01	1.1828652420173454e-10	2.7387760900620275e+09
/SS/5/PX1PY0PZ-1/b_X/eta0/bT0/bz0	1.1447410583496094e+00	1.8390588526254109e-10	5.3071755240183296e+09
/SS/5/PX1PY0PZ-1/b_X/eta0/bT0/bz1	1.0864181518554688e+00	1.3566671537426914e-10	4.9512901619178228e+09
/SS/5/PX1PY0PZ-1/b_X/eta0/bT0/bz2	9.3822860717773438e-01	9.0921333896132910e-11	9.3806946828545818e+09
/SS/5/PX1PY0PZ-1/b_X/eta0/bT0/bz3	7.4327468872070312e-01	9.1019433147009952e-11	7.3215129199187222e+09
/SS/5/PX1PY0PZ-1/b_X/eta0/bT0/bz4	5.5094909667968750e-01	9.0455464252731383e-11	5.3420458716543665e+09
/SS/5/PX1PY0PZ-1/b_X/eta0/bT0/bz5	3.9464187622070312e-01	9.0099332707270889e-11	3.6986748782085233e+09
/SS/5/PX1PY0PZ-2/b_X/eta0/bT0/bz-1	9.5577812194824219e-01	3.5336201256904252e-10	2.1254447258591268e+09
/SS/5/PX1PY0PZ-2/b_X/eta0/bT0/bz-2	7.1633529663085938e-01	1.5452609001750080e-10	4.6304148704551840e+09
/SS/5/PX1PY0PZ-2/b_X/eta0/bT0/bz-3	5.2229213714599609e-01	9.7189660161324893e-11	3.9458498672712846e+09
/SS/5/PX1PY0PZ-2/b_X/eta0/bT0/bz-4	3.1833171844482422e-01	6.9603673029374183e-11	4.4127305977201710e+09
/SS/5/PX1PY0PZ-2/b_X/eta0/bT0/bz-5	3.1991291046142578e-01	8.4377594307261878e-11	3.7914438434504261e+09
/SS/5/PX1PY0PZ-2/b_X/eta0/bT0/bz0	1.0141363143920898e+00	2.4480169532122766e-10	3.5174210366667495e+09
/SS/5/PX1PY0PZ-2/b_X/eta0/bT0/bz1	8.9949703216552734e-01	1.7310747099367132e-10	4.5085693234739923e+09
/SS/5/PX1PY0PZ-2/b_X/eta0/bT0/bz2	6.8799877166748047e-01	1.3096455657773091e-10	4.6232006700289879e+09
/SS/5/PX1PY0PZ-2/b_X/eta0/bT0/bz3	4.6908760070800781e-01	1.0088996357840225e-10	3.9550889297931404e+09
/SS/5/PX1PY0PZ-2/b_X/eta0/bT0/bz4	2.9364871978759766e-01	7.6290342979509392e-11	2.7295601302730918e+09
/SS/5/PX1PY0PZ-2/b_X/eta0/bT0/bz5	1.7493915557861328e-01	1.5513801032367179e-10	9.4670095026704979e+08
/SS/5/PX1PY0PZ0/b_X/eta0/bT0/bz-1	1.6845321655273438e+00	4.9663273118024652e-11	1.9334616440444855e+10
/SS/5/PX1PY0PZ0/b_X/eta0/bT0/bz-2	1.4320373535156250e+00	4.6099536132975770e-11	1.6993695706569860e+10
/SS/5/PX1PY0PZ0/b_X/eta0/bT0/bz-3	1.1555633544921875e+00	4.1409739904165537e-11	1.3485283653444860e+10
/SS/5/PX1PY0PZ0/b_X/eta0/bT0/bz-4	9.1378402709960938e-01	4.3323235958003096e-11	2.3723188061116948e+09
/SS/5/PX1PY0PZ0/b_X/eta0/bT0/bz-5	7.1976852416992188e-01	6.0860467830570892e-11	1.9983131120943046e+09
/SS/5/PX1PY0PZ0/b_X/eta0/bT0/bz0	1.7992553710937500e+00	5.3230719691281618e-11	1.9260771711079403e+10
/SS/5/PX1PY0PZ0/b_X/eta0/bT0/bz1	1.6900863647460938e+00	5.4510224453687358e-11	1.7187341331463890e+10
/SS/5/PX1PY0PZ0/b_X/eta0/bT0/bz2	1.4165115356445312e+00	5.4720794016134383e-11	1.3798519037317320e+10
/SS/5/PX1PY0PZ0/b_X/eta0/bT0/bz3	1.1369476318359375e+00	5.2164421032310053e-11	1.0337604281621481e+10
/SS/5/PX1PY0PZ0/b_X/eta0/bT0/bz4	8.6393356323242188e-01	4.1313893526291489e-11	7.5678501728053532e+09
/SS/5/PX1PY0PZ0/b_X/eta0/bT0/bz5	6.3584518432617188e-01	3.0246640049585243e-11	9.7646918999784889e+09
/SS/5/PX1PY1PZ-1/b_X/eta0/bT0/bz-1	1.3789901733398438e+00	1.0326443737200871e-10	8.8055838805897808e+09
/SS/5/PX1PY1PZ-1/b_X/eta0/bT0/bz-2	1.2613754272460938e+00	1.3114962292578290e-10	6.0427712558452139e+09
/SS/5/PX1PY1PZ-1/b_X/eta0/bT0/bz-3	1.0855407714843750e+00	1.9741798444251888e-10	3.2070053728491058e+09
/SS/5/PX1PY1PZ-1/b_X/eta0/bT0/bz-4	8.9298439025878906e-01	1.4579865074857445e-10	1.7507100915829813e+09
/SS/5/PX1PY1PZ-1/b_X/eta0/bT0/bz-5	6.9858455657958984e-01	2.4758734105599108e-10	1.9285823291308413e+09
/SS/5/PX1PY1PZ-1/b_X/eta0/bT0/bz0	1.3889198303222656e+00	9.1614865722208127e-11	1.0280523225768385e+10
/SS/5/PX1PY1PZ-1/b_X/eta0/bT0/bz1	1.2813301086425781e+00	8.7599504474071889e-11	9.9000010208106670e+09
/SS/5/PX1PY1PZ-1/b_X/eta0/bT0/bz2	1.1039886474609375e+00	8.4108692906172563e-11	8.5703215903861561e+09
/SS/5/PX1PY1PZ-1/b_X/eta0/bT0/bz3	9.1888809204101562e-01	8.1580484319675463e-11	1.1115488628964647e+10
/SS/5/PX1PY1PZ-1/b_X/eta0/bT0/bz4	7.5582885742187500e-01	1.0443985343993555e-10	4.4524070107410641e+09
/SS/5/PX1PY1PZ-1/b_X/eta0/bT0/bz5	5.7437515258789062e-01	2.3012877296062167e-10	2.2447457352646356e+09
/SS/5/PX1PY1PZ-2/b_X/eta0/bT0/bz-1	8.6349487304687500e-01	5.5611965141108863e-11	1.5527141881353369e+10
/SS/5/PX1PY1PZ-2/b_X/eta0/bT0/bz-2	7.4643898010253906e-01	6.1240990726000813e-11	1.2188551675171167e+10
/SS/5/PX1PY1PZ-2/b_X/eta0/bT0/bz-3	5.8881568908691406e-01	7.1369798683671647e-11	7.8316164226346531e+09
/SS/5/PX1PY1PZ-2/b_X/eta0/bT0/bz-4	4.2824172973632812e-01	8.8174050432932286e-11	4.8567773356636381e+09
/SS/5/PX1PY1PZ-2/b_X/eta0/bT0/bz-5	2.8483438491821289e-01	1.0116420568608634e-10	2.7113023338499250e+09
/SS/5/PX1PY1PZ-2/b_X/eta0/bT0/bz0	9.0054702758789062e-01	5.6062438182209862e-11	1.4908959062904755e+10
/SS/5/PX1PY1PZ-2/b_X/eta0/bT0/bz1	8.3560943603515625e-01	5.7821307460217759e-11	1.3765751512242853e+10
/SS/5/PX1PY1PZ-2/b_X/eta0/bT0/bz2	6.8225097656250000e-01	5.3622502327319027e-11	1.2723221538561321e+10
/SS/5/PX1PY1PZ-2/b_X/eta0/bT0/bz3	4.9905586242675781e-01	5.4194583165457867e-11	9.2085930599950123e+09
/SS/5/PX1PY1PZ-2/b_X/eta0/bT0/bz4	3.4425544738769531e-01	6.2573023517732853e-11	4.1321350020874085e+09
/SS/5/PX1PY1PZ-2/b_X/eta0/bT0/bz5	2.6521682739257812e-01	1.1520293627571220e-10	1.5461733728155503e+09
/SS/5/PX1PY1PZ0/b_X/eta0/bT0/bz-1	1.9578132629394531e+00	1.2323701528723518e-10	1.3090758384977201e+10
/SS/5/PX1PY1PZ0/b_X/eta0/bT0/bz-2	1.5972404479980469e+00	1.2471350419280102e-10	1.0180177718636877e+10
/SS/5/PX1PY1PZ0/b_X/eta0/bT0/bz-3	1.2096672058105469e+00	1.2844027942109602e-10	6.8112720869695168e+09
/SS/5/PX1PY1PZ0/b_X/eta0/bT0/bz-4	8.7375831604003906e-01	1.5206380587846789e-10	3.5149193639530411e+09
/SS/5/PX1PY1PZ0/b_X/eta0/bT0/bz-5	6.1962699890136719e-01	4.9286682024330109e-10	6.0751924556125855e+08
/SS/5/PX1PY1PZ0/b_X/eta0/bT0/bz0	2.1482200622558594e+00	1.1929533805403397e-10	1.4715090248156212e+10
/SS/5/PX1PY1PZ0/b_X/eta0/bT0/bz1	2.0092582702636719e+00	1.1395645022269639e-10	1.4258527916860502e+10
/SS/5/PX1PY1PZ0/b_X/eta0/bT0/bz2	1.6689605712890625e+00	1.0876603889984454e-10	1.2119777017563971e+10
/SS/5/PX1PY1PZ0/b_X/eta0/bT0/bz3	1.2904930114746094e+00	1.0339970293078471e-10	9.4351310936581802e+09
/SS/5/PX1PY1PZ0/b_X/eta0/bT0/bz4	9.5282745361328125e-01	1.1128670873854905e-10	2.5958636017876983e+09
/SS/5/PX1PY1PZ0/b_X/eta0/bT0/bz5	6.7506790161132812e-01	2.1832750636727737e-10	8.7982844185221219e+08
/SS/5/PX1PY2PZ-1/b_X/eta0/bT0/bz-1	8.7954330444335938e-01	2.3229909394101057e-10	1.7889591814760818e+09
/SS/5/PX1PY2PZ-1/b_X/eta0/bT0/bz-2	8.0541992187500000e-01	3.2775730058262433e-10	9.8126645875598681e+08
/SS/5/PX1PY2PZ-1/b_X/eta0/bT0/bz-3	6.9438552856445312e-01	4.1795424138381056e-10	5.2799111061841857e+08
/SS/5/PX1PY2PZ-1/b_X/eta0/bT0/bz-4	5.7353210449218750e-01	4.5981764042421767e-11	8.5993058598331749e+08
/SS/5/PX1PY2PZ-1/b_X/eta0/bT0/bz-5	4.5966529846191406e-01	4.3788844762984298e-11	1.0497315034227154e+10
/SS/5/PX1PY2PZ-1/b_X/eta0/bT0/bz0	8.8445281982421875e-01	1.9200446047258656e-10	2.6842353018304381e+09
/SS/5/PX1PY2PZ-1/b_X/eta0/bT0/bz1	8.2838439941406250e-01	1.4510891070262767e-10	3.6667938753758445e+09
/SS/5/PX1PY2PZ-1/b_X/eta0/bT0/bz2	7.1274948120117188e-01	1.1138993489659256e-10	4.3304322094940386e+09
/SS/5/PX1PY2PZ-1/b_X/eta0/bT0/bz3	5.7070541381835938e-01	1.0239328836253709e-10	2.8730297406402235e+09
/SS/5/PX1PY2PZ-1/b_X/eta0/bT0/bz4	4.8918151855468750e-01	1.0099944372483682e-10	3.7590507719042921e+09
/SS/5/PX1PY2PZ-1/b_X/eta0/bT0/bz5	4.2132568359375000e-01	1.1525007352855730e-10	2.8629367461527152e+09
/SS/5/PX1PY2PZ-2/b_X/eta0/bT0/bz-1	5.6882858276367188e-01	5.0921791991959705e-11	6.5611120744200058e+09
/SS/5/PX1PY2PZ-2/b_X/eta0/bT0/bz-2	4.7541046142578125e-01	5.4513203259725363e-11	4.7024524990766182e+09
/SS/5/PX1PY2PZ-2/b_X/eta0/bT0/bz-3	3.7642288208007812e-01	5.3019330779401125e-11	3.5650637806774931e+09
/SS/5/PX1PY2PZ-2/b_X/eta0/bT0/bz-4	2.8055953979492188e-01	4.8071239775365889e-11	9.9249651420287883e+08
/SS/5/PX1PY2PZ-2/b_X/eta0/bT0/bz-5	2.6018714904785156e-01	5.9995271302036435e-11	4.3367942739683876e+09
/SS/5/PX1PY2PZ-2/b_X/eta0/bT0/bz0	6.2413406372070312e-01	4.8467107808276284e-11	7.8509769223837204e+09
/SS/5/PX1PY2PZ-2/b_X/eta0/bT0/bz1	6.0449981689453125e-01	4.7667644723939391e-11	3.9361466204318895e+09
/SS/5/PX1PY2PZ-2/b_X/eta0/bT0/bz2	5.1437759399414062e-01	1.3268827903713501e-10	1.8440404247146759e+09
/SS/5/PX1PY2PZ-2/b_X/eta0/bT0/bz3	4.0032958984375000e-01	1.7990539118545915e-10	7.3213315501338184e+08
/SS/5/PX1PY2PZ-2/b_X/eta0/bT0/bz4	2.8781127929687500e-01	2.1843184026845233e-10	5.5319891910475492e+08
/SS/5/PX1PY2PZ-2/b_X/eta0/bT0/bz5	2.3161625862121582e-01	1.0966502214073744e-10	2.1120340296286409e+09
/SS/5/PX1PY2PZ0/b_X/eta0/bT0/bz-1	1.5130004882812500e+00	1.5735155261527330e-10	3.8928831786521177e+09
/SS/5/PX1PY2PZ0/b_X/eta0/bT0/bz-2	1.1808433532714844e+00	1.3799938973030191e-10	5.2693088635524092e+09
/SS/5/PX1PY2PZ0/b_X/eta0/bT0/bz-3	8.4142303466796875e-01	1.4615416292408244e-10	2.9379673072971668e+09
/SS/5/PX1PY2PZ0/b_X/eta0/bT0/bz-4	6.7943859100341797e-01	4.9389331765726573e-10	4.7214842840485305e+08
/SS/5/PX1PY2PZ0/b_X/eta0/bT0/bz-5	6.0481119155883789e-01	7.9882666260830420e-10	5.5952761235933518e+08
/SS/5/PX1PY2PZ0/b_X/eta0/bT0/bz0	1.6997413635253906e+00	1.1695231424498980e-10	8.8122981939768696e+09
/SS/5/PX1PY2PZ0/b_X/eta0/bT0/bz1	1.6609306335449219e+00	1.1159954873708550e-10	9.0985854065131149e+09
/SS/5/PX1PY2PZ0/b_X/eta0/bT0/bz2	1.4712677001953125e+00	1.0946707851293020e-10	7.0483352568340998e+09
/SS/5/PX1PY2PZ0/b_X/eta0/bT0/bz3	1.2510681152343750e+00	1.1648399241356795e-10	4.7416980908197432e+09
/SS/5/PX1PY2PZ0/b_X/eta0/bT0/bz4	1.0530319213867188e+00	1.2439387966523146e-10	4.1070004156113925e+09
/SS/5/PX1PY2PZ0/b_X/eta0/bT0/bz5	8.6863899230957031e-01	1.4470767853178793e-10	2.3921291646203804e+09
/SS/5/PX2PY-1PZ-1/b_X/eta0/bT0/bz-1	8.9802932739257812e-01	7.6357993533698101e-11	1.1760776911932112e+10
/SS/5/PX2PY-1PZ-1/b_X/eta0/bT0/bz-2	7.5452041625976562e-01	7.9614976588194421e-11	9.4771166003413544e+09
/SS/5/PX2PY-1PZ-1/b_X/eta0/bT0/bz-3	6.2846660614013672e-01	8.8900588919713212e-11	7.0693188175357265e+09
/SS/5/PX2PY-1PZ-1/b_X/eta0/bT0/bz-4	5.2672672271728516e-01	1.0329077525565272e-10	5.0994556039839516e+09
/SS/5/PX2PY-1PZ-1/b_X/eta0/bT0/bz-5	4.1359472274780273e-01	1.1087214407782468e-10	3.7303754354879928e+09
/SS/5/PX2PY-1PZ-1/b_X/eta0/bT0/bz0	9.7122192382812500e-01	7.6850735755635541e-11	1.1843988005516727e+10
/SS/5/PX2PY-1PZ-1/b_X/eta0/bT0/bz1	8.7819290161132812e-01	7.1497581865732404e-11	1.2282833610520069e+10
/SS/5/PX2PY-1PZ-1/b_X/eta0/bT0/bz2	6.7339515686035156e-01	6.4285924288730641e-11	1.0475001554553337e+10
/SS/5/PX2PY-1PZ-1/b_X/eta0/bT0/bz3	4.6844100952148438e-01	5.3435308149358030e-11	8.4041897160747700e+09
/SS/5/PX2PY-1PZ-1/b_X/eta0/bT0/bz4	3.0751228332519531e-01	3.7622468273237633e-11	7.6601487335895395e+09
/SS/5/PX2PY-1PZ-1/b_X/eta0/bT0/bz5	2.9478073120117188e-01	3.8030661181059377e-11	7.7511334814232254e+09
/SS/5/PX2PY-1PZ-2/b_X/eta0/bT0/bz-1	6.9442653656005859e-01	1.1898836801594301e-10	5.8360875784682903e+09
/SS/5/PX2PY-1PZ-2/b_X/eta0/bT0/bz-2	6.5164852142333984e-01	1.1491240676317422e-10	5.6708282402120266e+09
/SS/5/PX2PY-1PZ-2/b_X/eta0/bT0/bz-3	5.4860019683837891e-01	1.0042607637406546e-10	5.4627265810421743e+09
/SS/5/PX2PY-1PZ-2/b_X/eta0/bT0/bz-4	4.2355155944824219e-01	8.2364830468640181e-11	5.1423836732051115e+09
/SS/5/PX2PY-1PZ-2/b_X/eta0/bT0/bz-5	2.9640579223632812e-01	7.1144837026469967e-11	3.9811989266969895e+09
/SS/5/PX2PY-1PZ-2/b_X/eta0/bT0/bz0	6.5044307708740234e-01	1.0623449800210634e-10	6.1227105066614599e+09
/SS/5/PX2PY-1PZ-2/b_X/eta0/bT0/bz1	5.9008026123046875e-01	9.6020780163238620e-11	5.7850772698067732e+09
/SS/5/PX2PY-1PZ-2/b_X/eta0/bT0/bz2	4.7917556762695312e-01	8.5046810223836741e-11	5.6340997966344051e+09
/SS/5/PX2PY-1PZ-2/b_X/eta0/bT0/bz3	4.1382026672363281e-01	7.6845259930562442e-11	5.3851111584183826e+09
/SS/5/PX2PY-1PZ-2/b_X/eta0/bT0/bz4	3.7306976318359375e-01	7.5531949099376461e-11	4.1866459490008254e+09
/SS/5/PX2PY-1PZ-2/b_X/eta0/bT0/bz5	3.3713817596435547e-01	7.9572869196651435e-11	8.3413381708853972e+08
/SS/5/PX2PY-1PZ0/b_X/eta0/bT0/bz-1	1.3977069854736328e+00	1.8826648592872041e-10	7.4240881406944551e+09
/SS/5/PX2PY-1PZ0/b_X/eta0/bT0/bz-2	1.1406631469726562e+00	2.0957819589193695e-10	5.4426613518555470e+09
/SS/5/PX2PY-1PZ0/b_X/eta0/bT0/bz-3	8.7915563583374023e-01	2.9925326975387372e-10	2.9378313445223765e+09
/SS/5/PX2PY-1PZ0/b_X/eta0/bT0/bz-4	6.2161290645599365e-01	9.3489972297451040e-10	6.6489794699932933e+08
/SS/5/PX2PY-1PZ0/b_X/eta0/bT0/bz-5	4.7134876251220703e-01	3.6518417251738325e-10	1.2907152006697941e+09
/SS/5/PX2PY-1PZ0/b_X/eta0/bT0/bz0	1.5426940917968750e+00	1.9499869064223536e-10	7.9113048744889269e+09
/SS/5/PX2PY-1PZ0/b_X/eta0/bT0/bz1	1.4784193038940430e+00	2.2162040459994105e-10	6.6709530043626509e+09
/SS/5/PX2PY-1PZ0/b_X/eta0/bT0/bz2	1.1646308898925781e+00	2.3741297121817189e-10	4.9055065690675116e+09
/SS/5/PX2PY-1PZ0/b_X/eta0/bT0/bz3	7.6606655120849609e-01	1.5056566025080280e-10	4.0812318627804508e+09
/SS/5/PX2PY-1PZ0/b_X/eta0/bT0/bz4	7.5094509124755859e-01	2.0001435544829852e-10	3.7544559717448359e+09
/SS/5/PX2PY-1PZ0/b_X/eta0/bT0/bz5	5.6444835662841797e-01	2.0053494255647307e-10	2.8147132336772804e+09
/SS/5/PX2PY-2PZ-1/b_X/eta0/bT0/bz-1	8.2989311218261719e-01	1.5795739396626995e-10	4.7035044186328096e+09
/SS/5/PX2PY-2PZ-1/b_X/eta0/bT0/bz-2	7.3557949066162109e-01	1.4848103562078904e-10	4.2101684833390536e+09
/SS/5/PX2PY-2PZ-1/b_X/eta0/bT0/bz-3	6.2161922454833984e-01	1.4054401936354261e-10	3.4597492293524013e+09
/SS/5/PX2PY-2PZ-1/b_X/eta0/bT0/bz-4	5.5469083786010742e-01	1.7257817234157508e-10	3.2141424974778180e+09
/SS/5/PX2PY-2PZ-1/b_X/eta0/bT0/bz-5	4.0464186668395996e-01	9.8965907050001834e-10	4.0886996213707966e+08
/SS/5/PX2PY-2PZ-1/b_X/eta0/bT0/bz0	8.6415672302246094e-01	1.5310994839771795e-10	4.9335019744432840e+09
/SS/5/PX2PY-2PZ-1/b_X/eta0/bT0/bz1	8.8284873962402344e-01	1.4107550585205192e-10	4.8100300544542284e+09
/SS/5/PX2PY-2PZ-1/b_X/eta0/bT0/bz2	8.5211181640625000e-01	1.2281289447586045e-10	4.4310449277128906e+09
/SS/5/PX2PY-2PZ-1/b_X/eta0/bT0/bz3	7.4932670593261719e-01	9.5252780625689726e-11	5.8484610375589466e+09
/SS/5/PX2PY-2PZ-1/b_X/eta0/bT0/bz4	6.1405944824218750e-01	8.5690295212782441e-11	5.5115040565004177e+09
/SS/5/PX2PY-2PZ-1/b_X/eta0/bT0/bz5	4.8366069793701172e-01	8.9476569253550207e-11	3.4794992578314819e+09
/SS/5/PX2PY-2PZ-2/b_X/eta0/bT0/bz-1	9.1517448425292969e-01	2.3251660008177124e-10	2.4244218208117657e+09
/SS/5/PX2PY-2PZ-2/b_X/eta0/bT0/bz-2	7.4221420288085938e-01	1.9467704414574619e-10	2.6149066132858362e+09
/SS/5/PX2PY-2PZ-2/b_X/eta0/bT0/bz-3	5.4438304901123047e-01	1.4305682088512877e-10	3.0579487214184599e+09
/SS/5/PX2PY-2PZ-2/b_X/eta0/bT0/bz-4	3.6824798583984375e-01	1.0347079336995269e-10	3.4110577432193918e+09
/SS/5/PX2PY-2PZ-2/b_X/eta0/bT0/bz-5	3.0765438079833984e-01	8.3200513269784711e-11	3.6630668150545335e+09
/SS/5/PX2PY-2PZ-2/b_X/eta0/bT0/bz0	9.9907112121582031e-01	2.4605709913165204e-10	2.3490194680297542e+09
/SS/5/PX2PY-2PZ-2/b_X/eta0/bT0/bz1	9.5477294921875000e-01	2.5645542268917790e-10	1.9567964265497928e+09
/SS/5/PX2PY-2PZ-2/b_X/eta0/bT0/bz2	8.1611251831054688e-01	2.6116371412188922e-10	1.4594997117425675e+09
/SS/5/PX2PY-2PZ-2/b_X/eta0/bT0/bz3	6.6070938110351562e-01	1.9706644045124477e-10	1.3199931541592808e+09
/SS/5/PX2PY-2PZ-2/b_X/eta0/bT0/bz4	5.4643821716308594e-01	1.1308622449295463e-10	3.1045796035618076e+09
/SS/5/PX2PY-2PZ-2/b_X/eta0/bT0/bz5	4.4949340820312500e-01	1.5663720341633511e-10	1.8028839544811549e+09
/SS/5/PX2PY-2PZ0/b_X/eta0/bT0/bz-1	8.8477134704589844e-01	1.0083306236976089e-10	8.7746154510451031e+09
/SS/5/PX2PY-2PZ0/b_X/eta0/bT0/bz-2	7.3904800415039062e-01	1.0231459742451677e-10	5.3636946222293873e+09
/SS/5/PX2PY-2PZ0/b_X/eta0/bT0/bz-3	5.7080936431884766e-01	1.6928507556673077e-10	2.2319326632426386e+09
/SS/5/PX2PY-2PZ0/b_X/eta0/bT0/bz-4	4.4737339019775391e-01	1.0689698125971726e-10	3.9351908160891976e+09
/SS/5/PX2PY-2PZ0/b_X/eta0/bT0/bz-5	3.5255336761474609e-01	1.3361958528881134e-10	1.7471129318132913e+09
/SS/5/PX2PY-2PZ0/b_X/eta0/bT0/bz0	9.5052528381347656e-01	1.0685447974112269e-10	8.8955117849651489e+09
/SS/5/PX2PY-2PZ0/b_X/eta0/bT0/bz1	8.9993762969970703e-01	1.4973512909050430e-10	2.4638226534474874e+09
/SS/5/PX2PY-2PZ0/b_X/eta0/bT0/bz2	7.5993442535400391e-01	3.1898291634337572e-10	1.2893761878663466e+09
/SS/5/PX2PY-2PZ0/b_X/eta0/bT0/bz3	5.8504486083984375e-01	2.7465544728514800e-10	1.3512930723672383e+09
/SS/5/PX2PY-2PZ0/b_X/eta0/bT0/bz4	4.0658044815063477e-01	1.0767736688150577e-10	3.7759137312306194e+09
/SS/5/PX2PY-2PZ0/b_X/eta0/bT0/bz5	3.0614304542541504e-01	2.4362483157148320e-10	1.2566167555690565e+09
/SS/5/PX2PY0PZ-1/b_X/eta0/bT0/bz-1	4.1632080078125000e-01	2.2052074126793840e-11	1.6746156788763590e+10
/SS/5/PX2PY0PZ-1/b_X/eta0/bT0/bz-2	3.4512138366699219e-01	3.0517554497448990e-11	4.5903785539977322e+09
/SS/5/PX2PY0PZ-1/b_X/eta0/bT0/bz-3	3.8053894042968750e-01	1.4897094242233282e-10	1.8989950898866761e+09
/SS/5/PX2PY0PZ-1/b_X/eta0/bT0/bz-4	3.9482307434082031e-01	5.7099477971812003e-11	2.1305462730609918e+09
/SS/5/PX2PY0PZ-1/b_X/eta0/bT0/bz-5	3.8344955444335938e-01	4.8482835689478943e-11	7.0944262254779253e+09
/SS/5/PX2PY0PZ-1/b_X/eta0/bT0/bz0	5.2308273315429688e-01	2.5237389895845389e-11	1.3141509919873552e+10
/SS/5/PX2PY0PZ-1/b_X/eta0/bT0/bz1	5.1966094970703125e-01	3.1125770758964017e-11	1.2516738216914619e+10
/SS/5/PX2PY0PZ-1/b_X/eta0/bT0/bz2	4.3219757080078125e-01	3.6396505962016853e-11	1.0346577912203011e+10
/SS/5/PX2PY0PZ-1/b_X/eta0/bT0/bz3	3.9591407775878906e-01	6.0467725189176049e-11	4.2807030494457178e+09
/SS/5/PX2PY0PZ-1/b_X/eta0/bT0/bz4	3.0223846435546875e-01	1.4458929097472335e-10	2.0903239950758533e+09
/SS/5/PX2PY0PZ-1/b_X/eta0/bT0/bz5	1.4896774291992188e-01	3.1482249005700376e-11	1.4090909741708694e+09
/SS/5/PX2PY0PZ-2/b_X/eta0/bT0/bz-1	4.4095230102539062e-01	1.5656652466169661e-10	2.3661357370704165e+09
/SS/5/PX2PY0PZ-2/b_X/eta0/bT0/bz-2	4.0869712829589844e-01	6.1313835626073764e-11	6.6656591309727097e+09
/SS/5/PX2PY0PZ-2/b_X/eta0/bT0/bz-3	3.5029888153076172e-01	7.0325784719554696e-11	4.9810874194676151e+09
/SS/5/PX2PY0PZ-2/b_X/eta0/bT0/bz-4	2.8746509552001953e-01	7.8087104435558318e-11	3.6813389047771797e+09
/SS/5/PX2PY0PZ-2/b_X/eta0/bT0/bz-5	2.5796508789062500e-01	8.1308289408975210e-11	2.9154710488840437e+09
/SS/5/PX2PY0PZ-2/b_X/eta0/bT0/bz0	5.6079196929931641e-01	2.0838746908031559e-10	2.6911021654722385e+09
/SS/5/PX2PY0PZ-2/b_X/eta0/bT0/bz1	5.3455352783203125e-01	1.5676382740380727e-10	3.4099290422086792e+09
/SS/5/PX2PY0PZ-2/b_X/eta0/bT0/bz2	4.0171146392822266e-01	1.0381567177038967e-10	3.8694684249281030e+09
/SS/5/PX2PY0PZ-2/b_X/eta0/bT0/bz3	2.9839897155761719e-01	6.5565003887954274e-11	4.5511927684402933e+09
/SS/5/PX2PY0PZ-2/b_X/eta0/bT0/bz4	2.7562522888183594e-01	9.6126428945468126e-11	2.4678392972654562e+09
/SS/5/PX2PY0PZ-2/b_X/eta0/bT0/bz5	2.6347923278808594e-01	1.7772817663888551e-10	1.1221429822460949e+09
/SS/5/PX2PY0PZ0/b_X/eta0/bT0/bz-1	4.1422653198242188e-01	3.3903590090150336e-11	1.2217777848333616e+10
/SS/5/PX2PY0PZ0/b_X/eta0/bT0/bz-2	3.4538269042968750e-01	2.9653403169441450e-11	1.1647320493238115e+10
/SS/5/PX2PY0PZ0/b_X/eta0/bT0/bz-3	2.7386856079101562e-01	2.5883945894709561e-11	1.0525883567563881e+10
/SS/5/PX2PY0PZ0/b_X/eta0/bT0/bz-4	2.8597640991210938e-01	3.9224589662163678e-11	1.5938805846887879e+09
/SS/5/PX2PY0PZ0/b_X/eta0/bT0/bz-5	3.1534385681152344e-01	1.8408783664337046e-10	7.7593149866117966e+08
/SS/5/PX2PY0PZ0/b_X/eta0/bT0/bz0	4.5941925048828125e-01	3.9606367532051749e-11	1.1599631047116169e+10
/SS/5/PX2PY0PZ0/b_X/eta0/bT0/bz1	4.4824409484863281e-01	4.9105713995940023e-11	6.7931775070960073e+09
/SS/5/PX2PY0PZ0/b_X/eta0/bT0/bz2	3.9374256134033203e-01	6.3364940008463644e-11	6.2138867532698669e+09
/SS/5/PX2PY0PZ0/b_X/eta0/bT0/bz3	4.1300487518310547e-01	1.1902289800228568e-10	2.7391828922378511e+09
/SS/5/PX2PY0PZ0/b_X/eta0/bT0/bz4	3.8032436370849609e-01	3.3213149680708070e-10	3.9969873078452885e+08
/SS/5/PX2PY0PZ0/b_X/eta0/bT0/bz5	3.7215423583984375e-01	1.6517963272749073e-10	1.5836308771627040e+09
/SS/5/PX2PY1PZ-1/b_X/eta0/bT0/bz-1	8.0493164062500000e-01	1.3677869809615117e-10	4.0298004059917760e+09
/SS/5/PX2PY1PZ-1/b_X/eta0/bT0/bz-2	6.8692398071289062e-01	1.3938094963400624e-10	3.5505515427864161e+09
/SS/5/PX2PY1PZ-1/b_X/eta0/bT0/bz-3	5.6114482879638672e-01	1.1702615417337204e-10	3.2941839283072729e+09
/SS/5/PX2PY1PZ-1/b_X/eta0/bT0/bz-4	4.0928745269775391e-01	1.0286269952441657e-10	3.7862176032743678e+09
/SS/5/PX2PY1PZ-1/b_X/eta0/bT0/bz-5	3.4232044219970703e-01	6.9161143698081220e-11	2.5676180790010662e+09
/SS/5/PX2PY1PZ-1/b_X/eta0/bT0/bz0	8.5601806640625000e-01	1.3803770135161295e-10	4.3373421172435932e+09
/SS/5/PX2PY1PZ-1/b_X/eta0/bT0/bz1	8.2222366333007812e-01	1.8113917594186492e-10	3.9464258869007630e+09
/SS/5/PX2PY1PZ-1/b_X/eta0/bT0/bz2	7.4165534973144531e-01	1.9363795578338673e-10	3.6904024867943821e+09
/SS/5/PX2PY1PZ-1/b_X/eta0/bT0/bz3	6.5966033935546875e-01	1.4141627005587475e-10	3.8626480757901731e+09
/SS/5/PX2PY1PZ-1/b_X/eta0/bT0/bz4	5.8846569061279297e-01	1.1660108794366820e-10	5.0468284729649343e+09
/SS/5/PX2PY1PZ-1/b_X/eta0/bT0/bz5	4.3167209625244141e-01	2.8807209551313906e-10	1.4984863267770157e+09
/SS/5/PX2PY1PZ-2/b_X/eta0/bT0/bz-1	6.0595703125000000e-01	9.6886756102115087e-11	3.6716804611058955e+09
/SS/5/PX2PY1PZ-2/b_X/eta0/bT0/bz-2	5.7416343688964844e-01	6.0893385548687504e-11	8.1351930669206991e+09
/SS/5/PX2PY1PZ-2/b_X/eta0/bT0/bz-3	5.0909233093261719e-01	6.7444457135699906e-11	2.4683953971187077e+09
/SS/5/PX2PY1PZ-2/b_X/eta0/bT0/bz-4	4.1721534729003906e-01	8.1114745484065200e-11	1.6106024300055003e+09
/SS/5/PX2PY1PZ-2/b_X/eta0/bT0/bz-5	3.0053329467773438e-01	7.2142794547090969e-11	3.3951288353734355e+09
/SS/5/PX2PY1PZ-2/b_X/eta0/bT0/bz0	5.9171295166015625e-01	1.1755917284214999e-10	2.7201893567571836e+09
/SS/5/PX2PY1PZ-2/b_X/eta0/bT0/bz1	5.3238296508789062e-01	1.6640017352012471e-10	1.5723803519452257e+09
/SS/5/PX2PY1PZ-2/b_X/eta0/bT0/bz2	4.3172264099121094e-01	8.4454518431326765e-11	2.8455689976872864e+09
/SS/5/PX2PY1PZ-2/b_X/eta0/bT0/bz3	3.2728576660156250e-01	5.8168526167387810e-11	4.6216585748694086e+09
/SS/5/PX2PY1PZ-2/b_X/eta0/bT0/bz4	2.4535655975341797e-01	7.9161008575375074e-11	2.3167388723649616e+09
/SS/5/PX2PY1PZ-2/b_X/eta0/bT0/bz5	2.0575141906738281e-01	7.3814271404075912e-11	2.3308759039812579e+09
/SS/5/PX2PY1PZ0/b_X/eta0/bT0/bz-1	1.8415641784667969e+00	1.1965658154873385e-10	1.5390412751485489e+10
/SS/5/PX2PY1PZ0/b_X/eta0/bT0/bz-2	1.5552845001220703e+00	1.1671902986662768e-10	1.3325029362386410e+10
/SS/5/PX2PY1PZ0/b_X/eta0/bT0/bz-3	1.2461776733398438e+00	1.1315057078416143e-10	1.1013445753773264e+10
/SS/5/PX2PY1PZ0/b_X/eta0/bT0/bz-4	9.7196006774902344e-01	1.0471711164953810e-10	9.2817692585136414e+09
/SS/5/PX2PY1PZ0/b_X/eta0/bT0/bz-5	7.4286079406738281e-01	9.0029932146719879e-11	8.2512646222676058e+09
/SS/5/PX2PY1PZ0/b_X/eta0/bT0/bz0	1.9751510620117188e+00	1.2377485523551755e-10	1.5957611570245195e+10
/SS/5/PX2PY1PZ0/b_X/eta0/bT0/bz1	1.8639774322509766e+00	1.3065695837434998e-10	1.2782657335832193e+10
/SS/5/PX2PY1PZ0/b_X/eta0/bT0/bz2	1.5828132629394531e+00	1.4219602854027572e-10	1.1131205837377769e+10
/SS/5/PX2PY1PZ0/b_X/eta0/bT0/bz3	1.2525186538696289e+00	1.6935332787806236e-10	7.3958904118581381e+09
/SS/5/PX2PY1PZ0/b_X/eta0/bT0/bz4	9.1813659667968750e-01	2.3785779431942205e-10	3.8600231676524796e+09
/SS/5/PX2PY1PZ0/b_X/eta0/bT0/bz5	6.6299057006835938e-01	2.6579466454623158e-10	2.1879317463238897e+09
/SS/5/PX2PY2PZ-1/b_X/eta0/bT0/bz-1	9.5202827453613281e-01	7.4049016947232740e-11	1.2856730768141693e+10
/SS/5/PX2PY2PZ-1/b_X/eta0/bT0/bz-2	8.1352233886718750e-01	6.9484531684564284e-11	1.1707963184673925e+10
/SS/5/PX2PY2PZ-1/b_X/eta0/bT0/bz-3	6.6070938110351562e-01	6.4387729164590031e-11	1.0261417659482735e+10
/SS/5/PX2PY2PZ-1/b_X/eta0/bT0/bz-4	5.1717567443847656e-01	6.0450201271264668e-11	7.4887716564385099e+09
/SS/5/PX2PY2PZ-1/b_X/eta0/bT0/bz-5	3.8762187957763672e-01	7.4720291380234036e-11	4.9059409026502409e+09
/SS/5/PX2PY2PZ-1/b_X/eta0/bT0/bz0	1.0148906707763672e+00	7.7740401829257728e-11	1.3054867827997402e+10
/SS/5/PX2PY2PZ-1/b_X/eta0/bT0/bz1	9.3229293823242188e-01	7.9035461245538861e-11	1.1795881538997723e+10
/SS/5/PX2PY2PZ-1/b_X/eta0/bT0/bz2	7.0987510681152344e-01	7.3746095193414439e-11	9.6259348369527721e+09
/SS/5/PX2PY2PZ-1/b_X/eta0/bT0/bz3	4.3214130401611328e-01	6.8402870376999384e-11	4.2939824100897756e+09
/SS/5/PX2PY2PZ-1/b_X/eta0/bT0/bz4	2.8621959686279297e-01	1.3087677771527107e-10	2.0035286662598853e+09
/SS/5/PX2PY2PZ-1/b_X/eta0/bT0/bz5	2.7780532836914062e-01	2.1613084645921595e-10	1.0750668939877453e+09
/SS/5/PX2PY2PZ-2/b_X/eta0/bT0/bz-1	6.3707017898559570e-01	5.0023133801450060e-10	1.2735511163979263e+09
/SS/5/PX2PY2PZ-2/b_X/eta0/bT0/bz-2	5.3405904769897461e-01	4.7651229579078273e-10	1.1207665624088287e+09
/SS/5/PX2PY2PZ-2/b_X/eta0/bT0/bz-3	3.1477952003479004e-01	2.8736924068589448e-10	1.0953834839228880e+09
/SS/5/PX2PY2PZ-2/b_X/eta0/bT0/bz-4	2.8185272216796875e-01	6.0771472710264216e-10	4.6379116647664231e+08
/SS/5/PX2PY2PZ-2/b_X/eta0/bT0/bz-5	1.7855739593505859e-01	7.9054193717383034e-11	7.5160297243587232e+08
/SS/5/PX2PY2PZ-2/b_X/eta0/bT0/bz0	6.2739753723144531e-01	5.6332818211431078e-10	1.1137336230484090e+09
/SS/5/PX2PY2PZ-2/b_X/eta0/bT0/bz1	4.1265559196472168e-01	6.1540913714019761e-10	6.7053861741853499e+08
/SS/5/PX2PY2PZ-2/b_X/eta0/bT0/bz2	2.7453207969665527e-01	3.8260240082539265e-10	7.1753883170728672e+08
/SS/5/PX2PY2PZ-2/b_X/eta0/bT0/bz3	2.8798508644104004e-01	1.9555177527022298e-10	1.4726794785835526e+09
/SS/5/PX2PY2PZ-2/b_X/eta0/bT0/bz4	2.2364020347595215e-01	1.9445580006484912e-10	3.1948669280093867e+08
/SS/5/PX2PY2PZ-2/b_X/eta0/bT0/bz5	2.2356796264648438e-01	3.0331388781819369e-10	3.7831613437105805e+08
/SS/5/PX2PY2PZ0/b_X/eta0/bT0/bz-1	7.3470878601074219e-01	1.6630175831693330e-10	2.4283112800184436e+09
/SS/5/PX2PY2PZ0/b_X/eta0/bT0/bz-2	5.9997081756591797e-01	1.5864778041515272e-10	3.3684139910425215e+09
/SS/5/PX2PY2PZ0/b_X/eta0/bT0/bz-3	5.7620096206665039e-01	1.7477045286066308e-10	3.2969014649520330e+09
/SS/5/PX2PY2PZ0/b_X/eta0/bT0/bz-4	4.8738765716552734e-01	1.3010396159987901e-10	3.7461400188907127e+09
/SS/5/PX2PY2PZ0/b_X/eta0/bT0/bz-5	3.7385749816894531e-01	8.6703883167394105e-11	4.3118887472105551e+09
/SS/5/PX2PY2PZ0/b_X/eta0/bT0/bz0	7.6844024658203125e-01	1.6521111403410763e-10	2.3852924574243579e+09
/SS/5/PX2PY2PZ0/b_X/eta0/bT0/bz1	7.2575092315673828e-01	1.6827342108694346e-10	3.8266827910777688e+09
/SS/5/PX2PY2PZ0/b_X/eta0/bT0/bz2	6.3383960723876953e-01	2.0293118982212990e-10	2.8678603894529276e+09
/SS/5/PX2PY2PZ0/b_X/eta0/bT0/bz3	5.8452701568603516e-01	2.5493768699915407e-10	1.7297278021693850e+09
/SS/5/PX2PY2PZ0/b_X/eta0/bT0/bz4	5.3425598144531250e-01	3.0129214737365845e-10	8.0326800458552802e+08
/SS/5/PX2PY2PZ0/b_X/eta0/bT0/bz5	4.6300411224365234e-01	1.9751581293585751e-10	1.0824242229875438e+09
