# file_a: data/qTMD/S32T48_pyquda_frontier.qTMD.300.GI_PDF.U.ex.x19y23z25t35.1HYP_GSRC_W90_k3_T5.PX0PY0PZ9dt10.PpUnpol.5.h5
# file_b: data/qTMD/S32T48_pycontract_frontier.qTMD.300.GI_PDF.U.ex.x19y23z25t35.1HYP_GSRC_W90_k3_T5.PX0PY0PZ9dt10.PpUnpol.5.h5
# dataset_path	abs_diff=max(abs(abs(a)-abs(b)))	rel_diff=max(abs(abs(a)-abs(b))/abs(a))	abs(a)_at_max_rel
/SS/5/PX-1PY-1PZ-1/b_X/eta0/bT0/bz-1	9.8377559279313049e+09	6.4892758880132606e-01	1.5160021083559149e+10
/SS/5/PX-1PY-1PZ-1/b_X/eta0/bT0/bz-2	7.8903535774078913e+09	6.0588489972464643e-01	1.3022858930786659e+10
/SS/5/PX-1PY-1PZ-1/b_X/eta0/bT0/bz-3	5.9381546533536806e+09	5.2129139459800045e-01	1.0873939082167282e+10
/SS/5/PX-1PY-1PZ-1/b_X/eta0/bT0/bz-4	4.8304377570843182e+09	4.6032776425410393e-01	1.0493474719934305e+10
/SS/5/PX-1PY-1PZ-1/b_X/eta0/bT0/bz-5	3.8042872845224543e+09	4.3760852631848424e-01	8.6933573176171551e+09
/SS/5/PX-1PY-1PZ-1/b_X/eta0/bT0/bz0	1.0543092052118626e+10	6.5326574883932698e-01	1.6139055309191996e+10
/SS/5/PX-1PY-1PZ-1/b_X/eta0/bT0/bz1	9.4732440807689476e+09	6.1907728396960182e-01	1.5302199460502426e+10
/SS/5/PX-1PY-1PZ-1/b_X/eta0/bT0/bz2	7.3190627761009140e+09	5.8570863232692194e-01	1.1251921191438843e+10
/SS/5/PX-1PY-1PZ-1/b_X/eta0/bT0/bz3	5.3415796025591021e+09	6.3904958837493231e-01	8.3586308476349125e+09
/SS/5/PX-1PY-1PZ-1/b_X/eta0/bT0/bz4	3.5871637919420056e+09	5.4989526266739719e-01	6.5233582383336382e+09
/SS/5/PX-1PY-1PZ-1/b_X/eta0/bT0/bz5	2.4512034272174301e+09	3.8866360590402099e-01	5.5394930750953884e+09
/SS/5/PX-1PY-1PZ-2/b_X/eta0/bT0/bz-1	3.0210551618584232e+09	2.3180326967841763e-01	9.3840607829193535e+09
/SS/5/PX-1PY-1PZ-2/b_X/eta0/bT0/bz-2	2.3375280723597031e+09	2.2835577351966110e-01	8.3691143866774569e+09
/SS/5/PX-1PY-1PZ-2/b_X/eta0/bT0/bz-3	1.6984693827875404e+09	2.3585401692544200e-01	6.8924025134578056e+09
/SS/5/PX-1PY-1PZ-2/b_X/eta0/bT0/bz-4	1.4515354593618641e+09	3.3910022235729159e-01	3.7112929858242111e+09
/SS/5/PX-1PY-1PZ-2/b_X/eta0/bT0/bz-5	1.3766212379447944e+09	4.6568079083689590e-01	2.9561477841308560e+09
/SS/5/PX-1PY-1PZ-2/b_X/eta0/bT0/bz0	3.4255412694285297e+09	2.4888090499766788e-01	9.4010929194550438e+09
/SS/5/PX-1PY-1PZ-2/b_X/eta0/bT0/bz1	3.3088293020200062e+09	2.8332597630999629e-01	8.5543650530591955e+09
/SS/5/PX-1PY-1PZ-2/b_X/eta0/bT0/bz2	2.7883323156797371e+09	3.1356476585337584e-01	7.5781633334988747e+09
/SS/5/PX-1PY-1PZ-2/b_X/eta0/bT0/bz3	2.1142174901479540e+09	3.0190999717761940e-01	7.0028071607848072e+09
/SS/5/PX-1PY-1PZ-2/b_X/eta0/bT0/bz4	1.7062633675754156e+09	3.0370719397977192e-01	3.3170740543953981e+09
/SS/5/PX-1PY-1PZ-2/b_X/eta0/bT0/bz5	1.2843948102123661e+09	2.6051497641262583e-01	2.0101133616137650e+09
/SS/5/PX-1PY-1PZ0/b_X/eta0/bT0/bz-1	4.1591120661129818e+09	3.9770618365319410e-01	8.0008861642088251e+09
/SS/5/PX-1PY-1PZ0/b_X/eta0/bT0/bz-2	4.5020530771488037e+09	4.5572974680992534e-01	5.8593830111887064e+09
/SS/5/PX-1PY-1PZ0/b_X/eta0/bT0/bz-3	4.3747391086700039e+09	5.6832746664458345e-01	4.5693126489569540e+09
/SS/5/PX-1PY-1PZ0/b_X/eta0/bT0/bz-4	3.8217858840507956e+09	6.7334458033485134e-01	4.8104169586032162e+09
/SS/5/PX-1PY-1PZ0/b_X/eta0/bT0/bz-5	3.1526385256633224e+09	4.8868629668153274e-01	5.7942880586553288e+09
/SS/5/PX-1PY-1PZ0/b_X/eta0/bT0/bz0	4.0661545134112377e+09	4.3086343181296227e-01	8.6686256463632259e+09
/SS/5/PX-1PY-1PZ0/b_X/eta0/bT0/bz1	3.8440741585912266e+09	4.7113308356149497e-01	8.0206366961139498e+09
/SS/5/PX-1PY-1PZ0/b_X/eta0/bT0/bz2	3.3760670983524923e+09	5.0906656759740743e-01	6.6318774660182295e+09
/SS/5/PX-1PY-1PZ0/b_X/eta0/bT0/bz3	2.7078709050993662e+09	5.5436735186359187e-01	4.8602611465492973e+09
/SS/5/PX-1PY-1PZ0/b_X/eta0/bT0/bz4	2.2438100037888393e+09	9.1969701582297836e-01	2.4397273941146765e+09
/SS/5/PX-1PY-1PZ0/b_X/eta0/bT0/bz5	1.7843352272989953e+09	1.1035040068597495e+00	1.6169721325948718e+09
/SS/5/PX-1PY-2PZ-1/b_X/eta0/bT0/bz-1	4.0365659496161995e+09	3.6059991915923301e-01	2.5072798744096951e+09
/SS/5/PX-1PY-2PZ-1/b_X/eta0/bT0/bz-2	3.5789466878550568e+09	3.1376395954192587e-01	2.1560665992820444e+09
/SS/5/PX-1PY-2PZ-1/b_X/eta0/bT0/bz-3	3.2086377821560650e+09	2.1874300373333222e-01	1.4668527575253052e+10
/SS/5/PX-1PY-2PZ-1/b_X/eta0/bT0/bz-4	2.8078518467189121e+09	2.3999445319813481e-01	1.1699653093235466e+10
/SS/5/PX-1PY-2PZ-1/b_X/eta0/bT0/bz-5	2.3909095533921690e+09	2.6589090917787600e-01	8.8487614612495518e+09
/SS/5/PX-1PY-2PZ-1/b_X/eta0/bT0/bz0	3.9755545918203030e+09	3.4123471409976530e-01	2.9999604754358325e+09
/SS/5/PX-1PY-2PZ-1/b_X/eta0/bT0/bz1	3.3696091604310722e+09	2.9088303703210283e-01	3.3978233641165380e+09
/SS/5/PX-1PY-2PZ-1/b_X/eta0/bT0/bz2	2.5683082610449753e+09	2.8076554089254135e-01	4.7049717688675890e+09
/SS/5/PX-1PY-2PZ-1/b_X/eta0/bT0/bz3	1.8980051774014006e+09	2.5830540361126003e-01	4.4999508459398956e+09
/SS/5/PX-1PY-2PZ-1/b_X/eta0/bT0/bz4	1.5869847968162394e+09	2.7502793381315011e-01	5.7702676772258825e+09
/SS/5/PX-1PY-2PZ-1/b_X/eta0/bT0/bz5	1.5215778736595597e+09	3.0667508798786408e-01	4.7350412402725973e+09
/SS/5/PX-1PY-2PZ-2/b_X/eta0/bT0/bz-1	4.2731351184506454e+09	1.8897371778699043e-01	1.3298378604642763e+10
/SS/5/PX-1PY-2PZ-2/b_X/eta0/bT0/bz-2	3.7968257797192650e+09	2.2290003648841372e-01	1.0585776224919573e+10
/SS/5/PX-1PY-2PZ-2/b_X/eta0/bT0/bz-3	3.0472532223071232e+09	2.7137213502901941e-01	7.5458253378280468e+09
/SS/5/PX-1PY-2PZ-2/b_X/eta0/bT0/bz-4	2.1783946557633123e+09	3.4038017918007962e-01	4.9298856540258865e+09
/SS/5/PX-1PY-2PZ-2/b_X/eta0/bT0/bz-5	1.3395117771471148e+09	4.4118924556412253e-01	3.0361387785741706e+09
/SS/5/PX-1PY-2PZ-2/b_X/eta0/bT0/bz0	4.2628136744042473e+09	1.7201425261530451e-01	2.4781746916853882e+10
/SS/5/PX-1PY-2PZ-2/b_X/eta0/bT0/bz1	3.6835995037654648e+09	1.6224851410339489e-01	2.2701823916736271e+10
/SS/5/PX-1PY-2PZ-2/b_X/eta0/bT0/bz2	2.9249106601010075e+09	1.6167747666119892e-01	5.8231642195861158e+09
/SS/5/PX-1PY-2PZ-2/b_X/eta0/bT0/bz3	2.1791846653214989e+09	2.0320937872670072e-01	1.8092649707138364e+09
/SS/5/PX-1PY-2PZ-2/b_X/eta0/bT0/bz4	1.6164679822718601e+09	3.9194365161774958e-01	1.9904269857801065e+09
/SS/5/PX-1PY-2PZ-2/b_X/eta0/bT0/bz5	1.2252724472347965e+09	4.3717998303952510e-01	4.6202495297689742e+08
/SS/5/PX-1PY-2PZ0/b_X/eta0/bT0/bz-1	3.7171740654540825e+09	7.3648311488190588e-01	3.1203979337375875e+09
/SS/5/PX-1PY-2PZ0/b_X/eta0/bT0/bz-2	3.2669791162807484e+09	4.2416474470305487e-01	6.5479522134310417e+09
/SS/5/PX-1PY-2PZ0/b_X/eta0/bT0/bz-3	2.7332717384175062e+09	8.1481030868284474e+00	2.4892532611023262e+08
/SS/5/PX-1PY-2PZ0/b_X/eta0/bT0/bz-4	1.8344301510413060e+09	2.1894544841064851e+00	7.3600436052341187e+08
/SS/5/PX-1PY-2PZ0/b_X/eta0/bT0/bz-5	1.5790618761192265e+09	1.0398933488401854e+00	9.8800851271343076e+08
/SS/5/PX-1PY-2PZ0/b_X/eta0/bT0/bz0	4.2855178953214569e+09	7.4575804855750172e-01	4.9233061687428265e+09
/SS/5/PX-1PY-2PZ0/b_X/eta0/bT0/bz1	4.0728848190780783e+09	5.9404088043356118e-01	6.1762414798406820e+09
/SS/5/PX-1PY-2PZ0/b_X/eta0/bT0/bz2	3.2741390459281592e+09	4.7183339034369992e-01	6.6875383576005077e+09
/SS/5/PX-1PY-2PZ0/b_X/eta0/bT0/bz3	2.7618805560906086e+09	5.1832456490070333e-01	4.9730846114055586e+09
/SS/5/PX-1PY-2PZ0/b_X/eta0/bT0/bz4	2.3751812460734243e+09	5.4599967833763918e-01	3.5801210737419033e+09
/SS/5/PX-1PY-2PZ0/b_X/eta0/bT0/bz5	1.9614050528530045e+09	8.4366030382946766e-01	2.3248753603197513e+09
/SS/5/PX-1PY0PZ-1/b_X/eta0/bT0/bz-1	4.5491807403617134e+09	1.7359044427628573e-01	2.4248982760939526e+10
/SS/5/PX-1PY0PZ-1/b_X/eta0/bT0/bz-2	3.7281930969862709e+09	1.7724230844473357e-01	2.0655342002656563e+10
/SS/5/PX-1PY0PZ-1/b_X/eta0/bT0/bz-3	2.9200602699855785e+09	1.8201923082151444e-01	1.6042592075608480e+10
/SS/5/PX-1PY0PZ-1/b_X/eta0/bT0/bz-4	2.1878041129853153e+09	1.8974616455828208e-01	5.5295432157213335e+09
/SS/5/PX-1PY0PZ-1/b_X/eta0/bT0/bz-5	1.7453556821746025e+09	1.9318655495810022e-01	8.1108249038755035e+09
/SS/5/PX-1PY0PZ-1/b_X/eta0/bT0/bz0	5.1813440554687157e+09	1.7896127234821937e-01	6.7926416502351799e+09
/SS/5/PX-1PY0PZ-1/b_X/eta0/bT0/bz1	5.1690295666364975e+09	1.9331987086095001e-01	5.3110019089561090e+09
/SS/5/PX-1PY0PZ-1/b_X/eta0/bT0/bz2	4.6114651693662262e+09	1.7978249050516490e-01	2.5650246341613258e+10
/SS/5/PX-1PY0PZ-1/b_X/eta0/bT0/bz3	3.7772569446092224e+09	1.8758896432877412e-01	2.0055947747761482e+10
/SS/5/PX-1PY0PZ-1/b_X/eta0/bT0/bz4	2.9530781056969032e+09	2.0352609297147417e-01	6.3896684087752247e+09
/SS/5/PX-1PY0PZ-1/b_X/eta0/bT0/bz5	2.2678873911133804e+09	2.2117509679395470e-01	8.9211508516092529e+09
/SS/5/PX-1PY0PZ-2/b_X/eta0/bT0/bz-1	2.7501255463285637e+09	3.0786607704366747e-01	6.6011313101801310e+09
/SS/5/PX-1PY0PZ-2/b_X/eta0/bT0/bz-2	2.0176281873642292e+09	3.6441304432891858e-01	5.1382152779538889e+09
/SS/5/PX-1PY0PZ-2/b_X/eta0/bT0/bz-3	1.5550113401012626e+09	4.3433792128547344e-01	3.5801878304777675e+09
/SS/5/PX-1PY0PZ-2/b_X/eta0/bT0/bz-4	1.6899335150305910e+09	4.2638903116217469e-01	3.9633606671927595e+09
/SS/5/PX-1PY0PZ-2/b_X/eta0/bT0/bz-5	1.7167991331917238e+09	5.2381291909786110e-01	1.2089475451156411e+09
/SS/5/PX-1PY0PZ-2/b_X/eta0/bT0/bz0	3.3787094634867439e+09	2.6829061376279101e-01	1.2593468761728758e+10
/SS/5/PX-1PY0PZ-2/b_X/eta0/bT0/bz1	3.4878734623274212e+09	2.9727527618698796e-01	1.1732807070486170e+10
/SS/5/PX-1PY0PZ-2/b_X/eta0/bT0/bz2	3.0885953502185459e+09	3.3038532238169699e-01	9.3484641749619408e+09
/SS/5/PX-1PY0PZ-2/b_X/eta0/bT0/bz3	2.6975981114121227e+09	3.7923640086630145e-01	6.3058169661679211e+09
/SS/5/PX-1PY0PZ-2/b_X/eta0/bT0/bz4	2.3458196143435497e+09	4.3486805228869418e-01	3.5847877565383945e+09
/SS/5/PX-1PY0PZ-2/b_X/eta0/bT0/bz5	2.0253165156960325e+09	1.6309467744678039e+00	5.3364530160973775e+08
/SS/5/PX-1PY0PZ0/b_X/eta0/bT0/bz-1	7.6209727736674957e+09	3.7171384407706781e-01	1.8316498661487453e+10
/SS/5/PX-1PY0PZ0/b_X/eta0/bT0/bz-2	6.5027737977832317e+09	3.7862960589078176e-01	1.4173115992726452e+10
/SS/5/PX-1PY0PZ0/b_X/eta0/bT0/bz-3	5.7113977923588791e+09	3.9062832882049908e-01	1.4621053751028313e+10
/SS/5/PX-1PY0PZ0/b_X/eta0/bT0/bz-4	4.7970956537679863e+09	3.9680901090928294e-01	1.2089180240074440e+10
/SS/5/PX-1PY0PZ0/b_X/eta0/bT0/bz-5	3.8556090628173285e+09	3.7299232622845635e-01	1.0336966183201803e+10
/SS/5/PX-1PY0PZ0/b_X/eta0/bT0/bz0	8.2613727611795197e+09	3.8255837499790213e-01	1.8936881866227116e+10
/SS/5/PX-1PY0PZ0/b_X/eta0/bT0/bz1	7.8146513373191166e+09	3.9307876771994299e-01	1.7310084083167969e+10
/SS/5/PX-1PY0PZ0/b_X/eta0/bT0/bz2	6.7038005412689056e+09	4.0403310815932658e-01	1.4478309293858732e+10
/SS/5/PX-1PY0PZ0/b_X/eta0/bT0/bz3	5.4639081901772823e+09	4.5583038093276157e-01	5.8282492394076118e+09
/SS/5/PX-1PY0PZ0/b_X/eta0/bT0/bz4	4.3229252613637228e+09	4.9775006124999455e-01	3.6370543186171637e+09
/SS/5/PX-1PY0PZ0/b_X/eta0/bT0/bz5	3.3159747614305191e+09	6.0549542609087648e-01	2.7475657562929816e+09
/SS/5/PX-1PY1PZ-1/b_X/eta0/bT0/bz-1	7.0904226587158127e+09	6.6828551895459665e-01	1.0432158451391417e+10
/SS/5/PX-1PY1PZ-1/b_X/eta0/bT0/bz-2	5.9616238097333145e+09	5.8442845625571604e-01	9.3826683752336044e+09
/SS/5/PX-1PY1PZ-1/b_X/eta0/bT0/bz-3	4.3871236789023800e+09	4.7494399651667368e-01	5.7959092662512312e+09
/SS/5/PX-1PY1PZ-1/b_X/eta0/bT0/bz-4	2.8724517634157581e+09	6.0826696151789228e-01	3.0359733155291047e+09
/SS/5/PX-1PY1PZ-1/b_X/eta0/bT0/bz-5	1.8817117098153031e+09	7.1300988890153949e-01	2.6391102551386228e+09
/SS/5/PX-1PY1PZ-1/b_X/eta0/bT0/bz0	7.3633144302477989e+09	7.2034864249513386e-01	1.0221875902677973e+10
/SS/5/PX-1PY1PZ-1/b_X/eta0/bT0/bz1	6.4009781931459904e+09	7.0257125592097935e-01	8.8049106281906281e+09
/SS/5/PX-1PY1PZ-1/b_X/eta0/bT0/bz2	5.0296327701115694e+09	5.5081111044939646e-01	7.2252141520210934e+09
/SS/5/PX-1PY1PZ-1/b_X/eta0/bT0/bz3	4.2447350754057846e+09	5.3544819412402178e-01	6.4699363142004948e+09
/SS/5/PX-1PY1PZ-1/b_X/eta0/bT0/bz4	3.2310940463111000e+09	4.2801033431323443e-01	6.2505195023345804e+09
/SS/5/PX-1PY1PZ-1/b_X/eta0/bT0/bz5	2.2801984963192596e+09	3.8241174854735493e-01	4.9183491550899677e+09
/SS/5/PX-1PY1PZ-2/b_X/eta0/bT0/bz-1	2.6810937613920937e+09	3.2855754321560471e-01	1.6035155047073026e+09
/SS/5/PX-1PY1PZ-2/b_X/eta0/bT0/bz-2	2.6929587434760704e+09	3.1053974301907428e-01	2.8312241352421403e+09
/SS/5/PX-1PY1PZ-2/b_X/eta0/bT0/bz-3	2.4257875170512009e+09	3.9497836699895561e-01	3.8362341306550784e+09
/SS/5/PX-1PY1PZ-2/b_X/eta0/bT0/bz-4	1.9649878421151085e+09	3.6694879732307989e-01	4.5401884485285568e+09
/SS/5/PX-1PY1PZ-2/b_X/eta0/bT0/bz-5	1.6787355819194283e+09	3.4187250599302793e-01	4.9104141236606607e+09
/SS/5/PX-1PY1PZ-2/b_X/eta0/bT0/bz0	2.4922990085277481e+09	1.4967981475553576e+00	1.0527549305375099e+09
/SS/5/PX-1PY1PZ-2/b_X/eta0/bT0/bz1	2.2425607705865402e+09	5.5579540437361630e-01	1.8678451051073053e+09
/SS/5/PX-1PY1PZ-2/b_X/eta0/bT0/bz2	1.8743782038949070e+09	4.3989619941879382e-01	3.4674595786250086e+09
/SS/5/PX-1PY1PZ-2/b_X/eta0/bT0/bz3	1.5001978438244648e+09	7.6179170925724560e-01	1.8435816295954568e+09
/SS/5/PX-1PY1PZ-2/b_X/eta0/bT0/bz4	1.7923064367340965e+09	1.0054817984778159e+00	1.1114832975973449e+09
/SS/5/PX-1PY1PZ-2/b_X/eta0/bT0/bz5	1.8579706438476706e+09	7.5263267335063921e-01	1.3002542111981888e+09
/SS/5/PX-1PY1PZ0/b_X/eta0/bT0/bz-1	5.0643553127970333e+09	9.7882817464619321e-01	2.8695493672526855e+09
/SS/5/PX-1PY1PZ0/b_X/eta0/bT0/bz-2	4.3998239729197044e+09	2.8986715376697136e-01	1.3552202795755156e+10
/SS/5/PX-1PY1PZ0/b_X/eta0/bT0/bz-3	3.7222942821466007e+09	3.3366135036988043e-01	6.2504113984884863e+09
/SS/5/PX-1PY1PZ0/b_X/eta0/bT0/bz-4	3.1521941476131935e+09	3.2615761260889853e-01	7.5175355831106653e+09
/SS/5/PX-1PY1PZ0/b_X/eta0/bT0/bz-5	2.6701238329443483e+09	3.2952728908885359e-01	4.5731471212795792e+09
/SS/5/PX-1PY1PZ0/b_X/eta0/bT0/bz0	5.4339029465010071e+09	1.7067762501180943e+00	2.4662217269177680e+09
/SS/5/PX-1PY1PZ0/b_X/eta0/bT0/bz1	5.3052614009289742e+09	8.5392485443273280e-01	5.0406236506180105e+09
/SS/5/PX-1PY1PZ0/b_X/eta0/bT0/bz2	4.8336286727644119e+09	4.4157384176986636e-01	7.6000750021826277e+09
/SS/5/PX-1PY1PZ0/b_X/eta0/bT0/bz3	4.1732314836257858e+09	2.7085014974654215e-01	8.6008627293425713e+09
/SS/5/PX-1PY1PZ0/b_X/eta0/bT0/bz4	3.5699884510335350e+09	2.4153233915936329e-01	1.3979947486344503e+10
/SS/5/PX-1PY1PZ0/b_X/eta0/bT0/bz5	3.0503156565854626e+09	2.6402061959425982e-01	1.0370282213509134e+10
/SS/5/PX-1PY2PZ-1/b_X/eta0/bT0/bz-1	4.4770944357361412e+09	3.8706084548293790e-01	1.1566900883890869e+10
/SS/5/PX-1PY2PZ-1/b_X/eta0/bT0/bz-2	3.8788396854455070e+09	3.9185628926625571e-01	3.8740719658650565e+09
/SS/5/PX-1PY2PZ-1/b_X/eta0/bT0/bz-3	3.5737274181300182e+09	5.0488909307426788e-01	1.6979433704636374e+09
/SS/5/PX-1PY2PZ-1/b_X/eta0/bT0/bz-4	3.2971135181221409e+09	7.6341180833600020e-01	6.5838582535633194e+08
/SS/5/PX-1PY2PZ-1/b_X/eta0/bT0/bz-5	3.0147113870835943e+09	4.2306651346080204e-01	6.2150972294915075e+09
/SS/5/PX-1PY2PZ-1/b_X/eta0/bT0/bz0	4.7220235294132442e+09	4.3157900669239802e-01	1.0941272527601885e+10
/SS/5/PX-1PY2PZ-1/b_X/eta0/bT0/bz1	4.3022142227635260e+09	4.9808030786005031e-01	8.6375914784656658e+09
/SS/5/PX-1PY2PZ-1/b_X/eta0/bT0/bz2	3.5444483621902561e+09	5.6493653815305356e-01	6.0163060763851299e+09
/SS/5/PX-1PY2PZ-1/b_X/eta0/bT0/bz3	2.9790026620643883e+09	5.1880693758187424e-01	4.6035692842564678e+09
/SS/5/PX-1PY2PZ-1/b_X/eta0/bT0/bz4	2.3972086679497595e+09	5.5706033311326575e-01	2.5216179786270981e+09
/SS/5/PX-1PY2PZ-1/b_X/eta0/bT0/bz5	1.9128017306418400e+09	5.2198028795959628e-01	1.5451254067708521e+09
/SS/5/PX-1PY2PZ-2/b_X/eta0/bT0/bz-1	3.5709801572710695e+09	5.0214216170584980e-01	7.1114923812410641e+09
/SS/5/PX-1PY2PZ-2/b_X/eta0/bT0/bz-2	2.8209716324255080e+09	1.2987161982279600e+00	1.2942612118184283e+09
/SS/5/PX-1PY2PZ-2/b_X/eta0/bT0/bz-3	2.0615567763396292e+09	7.3303121430930918e-01	1.9237928004558992e+09
/SS/5/PX-1PY2PZ-2/b_X/eta0/bT0/bz-4	1.4704954800167241e+09	1.1974467402608056e+00	8.3649794900360930e+08
/SS/5/PX-1PY2PZ-2/b_X/eta0/bT0/bz-5	1.1378904705308342e+09	3.6824177928040509e+00	1.4409632364457008e+08
/SS/5/PX-1PY2PZ-2/b_X/eta0/bT0/bz0	4.0030965289109521e+09	5.2879449734154227e-01	7.5702310614730139e+09
/SS/5/PX-1PY2PZ-2/b_X/eta0/bT0/bz1	3.9755221488846393e+09	5.6648641124354226e-01	7.0178596873270702e+09
/SS/5/PX-1PY2PZ-2/b_X/eta0/bT0/bz2	3.6123448000290046e+09	6.1212958123510119e-01	5.9012746822990208e+09
/SS/5/PX-1PY2PZ-2/b_X/eta0/bT0/bz3	3.1276719686744342e+09	7.8981526824006876e-01	1.2221085704799325e+09
/SS/5/PX-1PY2PZ-2/b_X/eta0/bT0/bz4	2.6357750398673286e+09	2.2815362504032120e+00	3.1810747465159124e+08
/SS/5/PX-1PY2PZ-2/b_X/eta0/bT0/bz5	2.4507760147642345e+09	6.3830901682486796e-01	3.4128181385567827e+09
/SS/5/PX-1PY2PZ0/b_X/eta0/bT0/bz-1	5.8115456099105225e+09	2.4621495022049011e-01	1.6338434099258808e+10
/SS/5/PX-1PY2PZ0/b_X/eta0/bT0/bz-2	5.1324156713610306e+09	2.3110270299539457e-01	1.4202590565963224e+10
/SS/5/PX-1PY2PZ0/b_X/eta0/bT0/bz-3	4.1848027659887161e+09	2.2296257285680271e-01	1.8769081789688522e+10
/SS/5/PX-1PY2PZ0/b_X/eta0/bT0/bz-4	3.2591536575098953e+09	2.1963946903888676e-01	1.4838652049977722e+10
/SS/5/PX-1PY2PZ0/b_X/eta0/bT0/bz-5	2.4984615566646252e+09	2.3468146987516161e-01	6.7935893070416098e+09
/SS/5/PX-1PY2PZ0/b_X/eta0/bT0/bz0	5.8592586121249504e+09	2.5388794645648866e-01	1.7520592924018166e+10
/SS/5/PX-1PY2PZ0/b_X/eta0/bT0/bz1	5.1581718719905968e+09	2.5227811477506346e-01	1.7256565827222919e+10
/SS/5/PX-1PY2PZ0/b_X/eta0/bT0/bz2	4.0668065761435966e+09	2.4379741739895280e-01	1.4921477239929422e+10
/SS/5/PX-1PY2PZ0/b_X/eta0/bT0/bz3	3.1642419591560726e+09	2.5994352361082690e-01	1.2172805520222927e+10
/SS/5/PX-1PY2PZ0/b_X/eta0/bT0/bz4	2.4592611761708698e+09	2.6295965600404625e-01	9.3522375772085285e+09
/SS/5/PX-1PY2PZ0/b_X/eta0/bT0/bz5	1.8360151140021639e+09	2.5692859297342202e-01	7.1460131889333563e+09
/SS/5/PX-2PY-1PZ-1/b_X/eta0/bT0/bz-1	4.9777753218960114e+09	1.8568581479160282e-01	2.0583642030980183e+10
/SS/5/PX-2PY-1PZ-1/b_X/eta0/bT0/bz-2	3.9934981694465714e+09	1.8027263680138728e-01	1.3070072634452568e+10
/SS/5/PX-2PY-1PZ-1/b_X/eta0/bT0/bz-3	2.9751035680996380e+09	1.9868046521636507e-01	1.0747804449415184e+10
/SS/5/PX-2PY-1PZ-1/b_X/eta0/bT0/bz-4	2.1046048096696377e+09	2.7248619641028976e-01	7.5370833745663195e+09
/SS/5/PX-2PY-1PZ-1/b_X/eta0/bT0/bz-5	1.9825862273168101e+09	3.8708522236413423e-01	5.1218339341608219e+09
/SS/5/PX-2PY-1PZ-1/b_X/eta0/bT0/bz0	5.5880879555902977e+09	1.9518156761823924e-01	2.2097738250236992e+10
/SS/5/PX-2PY-1PZ-1/b_X/eta0/bT0/bz1	5.5351957300084877e+09	1.9949410108334481e-01	2.1463938109598022e+10
/SS/5/PX-2PY-1PZ-1/b_X/eta0/bT0/bz2	4.9366916609856453e+09	1.9613337018988578e-01	1.9286225841431278e+10
/SS/5/PX-2PY-1PZ-1/b_X/eta0/bT0/bz3	4.0669510398083344e+09	1.8460997394634684e-01	2.6829492820197458e+09
/SS/5/PX-2PY-1PZ-1/b_X/eta0/bT0/bz4	3.1429045704028091e+09	3.3676294774450588e-01	1.4917543031760545e+09
/SS/5/PX-2PY-1PZ-1/b_X/eta0/bT0/bz5	2.3117893875642109e+09	1.9523650559431124e-01	1.0283422409938816e+09
/SS/5/PX-2PY-1PZ-2/b_X/eta0/bT0/bz-1	3.6460144631030388e+09	1.2834740745269904e+00	1.6402891810361516e+09
/SS/5/PX-2PY-1PZ-2/b_X/eta0/bT0/bz-2	2.5912907823514080e+09	5.7358713486454938e-01	2.5316761576321850e+09
/SS/5/PX-2PY-1PZ-2/b_X/eta0/bT0/bz-3	1.9231905865363560e+09	3.7684675580801202e-01	2.9315982520358353e+09
/SS/5/PX-2PY-1PZ-2/b_X/eta0/bT0/bz-4	1.4293081508895025e+09	4.0078011410320918e-01	2.5880036575901055e+09
/SS/5/PX-2PY-1PZ-2/b_X/eta0/bT0/bz-5	1.0239553999358130e+09	2.8157703903032522e-01	3.1796653339165502e+09
/SS/5/PX-2PY-1PZ-2/b_X/eta0/bT0/bz0	3.8233124363827505e+09	6.2546855092677278e+00	4.4903302673487413e+08
/SS/5/PX-2PY-1PZ-2/b_X/eta0/bT0/bz1	3.1617449706036482e+09	1.2735352250691629e+00	1.2671683554571319e+09
/SS/5/PX-2PY-1PZ-2/b_X/eta0/bT0/bz2	2.5978049170222416e+09	1.1934428267597383e+01	2.1767317702812982e+08
/SS/5/PX-2PY-1PZ-2/b_X/eta0/bT0/bz3	1.9694266837172496e+09	2.5678796140796711e+00	3.8180578528076041e+08
/SS/5/PX-2PY-1PZ-2/b_X/eta0/bT0/bz4	1.5751659021004322e+09	7.2070602219611601e-01	1.7672685515809615e+09
/SS/5/PX-2PY-1PZ-2/b_X/eta0/bT0/bz5	1.6412625962112846e+09	4.9922326357029861e-01	3.2876324401900969e+09
/SS/5/PX-2PY-1PZ0/b_X/eta0/bT0/bz-1	2.4677995846485710e+09	2.2122784371346033e-01	1.1132323058046764e+10
/SS/5/PX-2PY-1PZ0/b_X/eta0/bT0/bz-2	2.3695799138416767e+09	2.7791474306896552e-01	8.5262835921362305e+09
/SS/5/PX-2PY-1PZ0/b_X/eta0/bT0/bz-3	2.2849682998253021e+09	3.9607225184696659e-01	5.7690693785540991e+09
/SS/5/PX-2PY-1PZ0/b_X/eta0/bT0/bz-4	2.2248274806360593e+09	5.8180225732794033e-01	3.8240268967915101e+09
/SS/5/PX-2PY-1PZ0/b_X/eta0/bT0/bz-5	1.9062133202943978e+09	1.7148739025871378e+00	6.8028571143702066e+08
/SS/5/PX-2PY-1PZ0/b_X/eta0/bT0/bz0	2.5467095508477421e+09	1.9140564828806900e-01	1.2340736911665882e+10
/SS/5/PX-2PY-1PZ0/b_X/eta0/bT0/bz1	2.3167194419064388e+09	1.6850156949187928e-01	1.1495945463340281e+10
/SS/5/PX-2PY-1PZ0/b_X/eta0/bT0/bz2	1.7854904227718925e+09	1.4780475566800755e-01	1.2080060717277472e+10
/SS/5/PX-2PY-1PZ0/b_X/eta0/bT0/bz3	1.2937097327070789e+09	1.3125674370463031e-01	9.1705227549521122e+09
/SS/5/PX-2PY-1PZ0/b_X/eta0/bT0/bz4	1.1399594188229427e+09	1.1943434089006900e-01	6.8345553763791075e+09
/SS/5/PX-2PY-1PZ0/b_X/eta0/bT0/bz5	1.1815474351735334e+09	3.9938471264612554e+00	1.5857247912256250e+08
/SS/5/PX-2PY-2PZ-1/b_X/eta0/bT0/bz-1	2.9165253237232914e+09	5.4675809434423972e-01	3.5063431200937867e+09
/SS/5/PX-2PY-2PZ-1/b_X/eta0/bT0/bz-2	2.6608663743203945e+09	7.4604799440606195e-01	1.2348504714964416e+09
/SS/5/PX-2PY-2PZ-1/b_X/eta0/bT0/bz-3	2.6224070301185789e+09	3.1805436889556721e-01	1.3824832586845365e+09
/SS/5/PX-2PY-2PZ-1/b_X/eta0/bT0/bz-4	2.5695569801603956e+09	3.0838422273117866e-01	8.3323230916398144e+09
/SS/5/PX-2PY-2PZ-1/b_X/eta0/bT0/bz-5	2.3892139097695513e+09	3.2956397188671510e-01	7.2496210556377926e+09
/SS/5/PX-2PY-2PZ-1/b_X/eta0/bT0/bz0	3.0094225742772408e+09	4.0326901845427987e-01	5.6826242673468027e+09
/SS/5/PX-2PY-2PZ-1/b_X/eta0/bT0/bz1	2.7857169839982910e+09	6.9529259328446347e-01	1.2962305642874086e+09
/SS/5/PX-2PY-2PZ-1/b_X/eta0/bT0/bz2	2.4593946076079082e+09	9.0829077819209336e-01	9.9853043467897260e+08
/SS/5/PX-2PY-2PZ-1/b_X/eta0/bT0/bz3	2.1275127153831062e+09	7.8013180126968951e-01	1.1775616259860752e+09
/SS/5/PX-2PY-2PZ-1/b_X/eta0/bT0/bz4	1.8398304632058630e+09	5.3859262024851851e-01	1.4791348417125669e+09
/SS/5/PX-2PY-2PZ-1/b_X/eta0/bT0/bz5	1.7209995870284529e+09	3.3490877701868899e-01	2.1512833509893546e+09
/SS/5/PX-2PY-2PZ-2/b_X/eta0/bT0/bz-1	3.7028918594024830e+09	2.6065418612832553e-01	1.4206147671764120e+10
/SS/5/PX-2PY-2PZ-2/b_X/eta0/bT0/bz-2	3.1469542914772930e+09	2.3306248522387832e-01	1.3502620503056719e+10
/SS/5/PX-2PY-2PZ-2/b_X/eta0/bT0/bz-3	2.4642887180176544e+09	3.4746514649778465e-01	3.5745985011772747e+09
/SS/5/PX-2PY-2PZ-2/b_X/eta0/bT0/bz-4	1.8589373370067196e+09	5.6272301424550797e-01	2.2120483628162198e+09
/SS/5/PX-2PY-2PZ-2/b_X/eta0/bT0/bz-5	1.3919404462800560e+09	5.4949393497757282e-01	6.5422337597194386e+08
/SS/5/PX-2PY-2PZ-2/b_X/eta0/bT0/bz0	3.8223767534385262e+09	2.9507533844719913e-01	1.2953901107267572e+10
/SS/5/PX-2PY-2PZ-2/b_X/eta0/bT0/bz1	3.3334220898296309e+09	3.1687186192745626e-01	1.0519779413524496e+10
/SS/5/PX-2PY-2PZ-2/b_X/eta0/bT0/bz2	2.4447348126541243e+09	3.2312879595454697e-01	7.5658215648413267e+09
/SS/5/PX-2PY-2PZ-2/b_X/eta0/bT0/bz3	1.8546928714376698e+09	3.2608706848551289e-01	4.6642304441422186e+09
/SS/5/PX-2PY-2PZ-2/b_X/eta0/bT0/bz4	1.7248282746281834e+09	3.4839795254625128e-01	2.3784600468985300e+09
/SS/5/PX-2PY-2PZ-2/b_X/eta0/bT0/bz5	1.6168837744488640e+09	3.3304766933993057e-01	2.0105417232443726e+09
/SS/5/PX-2PY-2PZ0/b_X/eta0/bT0/bz-1	4.0371395439462814e+09	2.3390217261290205e-01	6.3222607310804758e+09
/SS/5/PX-2PY-2PZ0/b_X/eta0/bT0/bz-2	3.5819759417503891e+09	3.7921178284535956e-01	4.0253517754376326e+09
/SS/5/PX-2PY-2PZ0/b_X/eta0/bT0/bz-3	2.8467677522129059e+09	5.7232278902209111e-01	2.2619028235338893e+09
/SS/5/PX-2PY-2PZ0/b_X/eta0/bT0/bz-4	2.2948721991202469e+09	1.7768000500482276e-01	1.0034038633642918e+10
/SS/5/PX-2PY-2PZ0/b_X/eta0/bT0/bz-5	2.1493367278709354e+09	2.0023999092769859e-01	2.3076654235657611e+09
/SS/5/PX-2PY-2PZ0/b_X/eta0/bT0/bz0	3.9564551063183441e+09	1.5748786330547965e-01	2.2873871021063713e+10
/SS/5/PX-2PY-2PZ0/b_X/eta0/bT0/bz1	3.6345473806396065e+09	1.4870698770746574e-01	2.4440999287736473e+10
/SS/5/PX-2PY-2PZ0/b_X/eta0/bT0/bz2	3.2247960921319008e+09	1.5846932937463001e-01	2.0349654440123928e+10
/SS/5/PX-2PY-2PZ0/b_X/eta0/bT0/bz3	2.6843275248267422e+09	1.6900670150105088e-01	1.5882965000710644e+10
/SS/5/PX-2PY-2PZ0/b_X/eta0/bT0/bz4	2.1275228023055859e+09	1.8111735810836116e-01	1.1746653244758047e+10
/SS/5/PX-2PY-2PZ0/b_X/eta0/bT0/bz5	1.6451739547440224e+09	1.9847630266687674e-01	8.2890195586990938e+09
/SS/5/PX-2PY0PZ-1/b_X/eta0/bT0/bz-1	2.8954378636869783e+09	4.6121088788261388e-01	6.2779044028637877e+09
/SS/5/PX-2PY0PZ-1/b_X/eta0/bT0/bz-2	2.5767302017799306e+09	9.8327054788659607e-01	2.6205709174532437e+09
/SS/5/PX-2PY0PZ-1/b_X/eta0/bT0/bz-3	2.1832598888899565e+09	6.7794459772101556e-01	3.2204104822565470e+09
/SS/5/PX-2PY0PZ-1/b_X/eta0/bT0/bz-4	2.9047964611454039e+09	6.2152091237254303e-01	4.6736906245951910e+09
/SS/5/PX-2PY0PZ-1/b_X/eta0/bT0/bz-5	2.5467551199052725e+09	6.5844833954626314e-01	3.8678131099248300e+09
/SS/5/PX-2PY0PZ-1/b_X/eta0/bT0/bz0	2.5767498763085175e+09	2.7113724445182280e-01	9.5034892071655941e+09
/SS/5/PX-2PY0PZ-1/b_X/eta0/bT0/bz1	1.9914440614182606e+09	1.8494499234532391e-01	1.0767764166871273e+10
/SS/5/PX-2PY0PZ-1/b_X/eta0/bT0/bz2	2.9691116996728606e+09	7.6455115013103558e-01	3.8834703200223918e+09
/SS/5/PX-2PY0PZ-1/b_X/eta0/bT0/bz3	2.9843583230437632e+09	5.7892883334793133e-01	5.1549657766832790e+09
/SS/5/PX-2PY0PZ-1/b_X/eta0/bT0/bz4	3.1792654678163190e+09	4.6046065640598766e-01	6.9045322843243399e+09
/SS/5/PX-2PY0PZ-1/b_X/eta0/bT0/bz5	2.7429790043230753e+09	3.7326124614868433e-01	7.3486841525209961e+09
/SS/5/PX-2PY0PZ-2/b_X/eta0/bT0/bz-1	2.2532849943626986e+09	3.3073749674382080e-01	6.8129105908666430e+09
/SS/5/PX-2PY0PZ-2/b_X/eta0/bT0/bz-2	1.7085240115129871e+09	2.8751082147763929e-01	5.9424685399045582e+09
/SS/5/PX-2PY0PZ-2/b_X/eta0/bT0/bz-3	1.1357098598010883e+09	3.3715981633522762e-01	3.0461336754043660e+09
/SS/5/PX-2PY0PZ-2/b_X/eta0/bT0/bz-4	7.5142495828123474e+08	5.1777395465576270e-01	1.2828521993012927e+09
/SS/5/PX-2PY0PZ-2/b_X/eta0/bT0/bz-5	6.0572279355483532e+08	4.2278197061221856e-01	8.6654521848713994e+08
/SS/5/PX-2PY0PZ-2/b_X/eta0/bT0/bz0	2.3827369661896782e+09	3.2666059019261540e-01	7.2942284368760166e+09
/SS/5/PX-2PY0PZ-2/b_X/eta0/bT0/bz1	2.4446083519714661e+09	2.7223287531658547e-01	8.9798425305120792e+09
/SS/5/PX-2PY0PZ-2/b_X/eta0/bT0/bz2	2.6701224073193178e+09	5.7818258350542806e-01	3.1091161661169534e+09
/SS/5/PX-2PY0PZ-2/b_X/eta0/bT0/bz3	2.2764375253833580e+09	3.4455262025931219e+00	5.7844212582964754e+08
/SS/5/PX-2PY0PZ-2/b_X/eta0/bT0/bz4	2.1935567506461363e+09	4.2113359591376354e-01	5.2086957011506529e+09
/SS/5/PX-2PY0PZ-2/b_X/eta0/bT0/bz5	2.0666999323403411e+09	4.4313098042922644e-01	4.6638579192510757e+09
/SS/5/PX-2PY0PZ0/b_X/eta0/bT0/bz-1	5.1565229977342453e+09	1.9605293482610919e-01	1.6076300921519369e+10
/SS/5/PX-2PY0PZ0/b_X/eta0/bT0/bz-2	4.5480069039246674e+09	1.6542941767240060e-01	1.4534569975013788e+10
/SS/5/PX-2PY0PZ0/b_X/eta0/bT0/bz-3	3.6546353176864014e+09	2.0424192610218719e-01	3.4459043423530345e+09
/SS/5/PX-2PY0PZ0/b_X/eta0/bT0/bz-4	2.7742678085224953e+09	3.5166254473756675e-01	2.3701799271866918e+09
/SS/5/PX-2PY0PZ0/b_X/eta0/bT0/bz-5	2.1647337934061670e+09	3.6170130002568124e-01	2.6609771807672615e+09
/SS/5/PX-2PY0PZ0/b_X/eta0/bT0/bz0	5.1392578779172516e+09	2.2859575137044819e-01	1.5633875711222954e+10
/SS/5/PX-2PY0PZ0/b_X/eta0/bT0/bz1	4.7223665356129379e+09	2.5571749850483250e-01	1.3293880092953997e+10
/SS/5/PX-2PY0PZ0/b_X/eta0/bT0/bz2	4.2245904032360077e+09	2.7871748890515852e-01	1.0028118955644434e+10
/SS/5/PX-2PY0PZ0/b_X/eta0/bT0/bz3	3.7200512571536179e+09	3.0267689959437061e-01	6.8970073059650602e+09
/SS/5/PX-2PY0PZ0/b_X/eta0/bT0/bz4	3.1172945482769394e+09	3.3789617933898070e-01	4.4463194510414572e+09
/SS/5/PX-2PY0PZ0/b_X/eta0/bT0/bz5	2.7708353831989517e+09	4.5197938619962047e-01	2.6754134261719751e+09
/SS/5/PX-2PY1PZ-1/b_X/eta0/bT0/bz-1	4.7726485726817570e+09	6.5735750597517539e-01	7.2603545700777197e+09
/SS/5/PX-2PY1PZ-1/b_X/eta0/bT0/bz-2	3.7597350059774303e+09	5.7997950024242007e-01	6.4825308556697865e+09
/SS/5/PX-2PY1PZ-1/b_X/eta0/bT0/bz-3	3.4408138124947610e+09	7.1371053025138165e-01	3.0322558347682762e+09
/SS/5/PX-2PY1PZ-1/b_X/eta0/bT0/bz-4	2.8786762998802638e+09	5.6563221451898749e-01	3.9681254439295459e+09
/SS/5/PX-2PY1PZ-1/b_X/eta0/bT0/bz-5	2.3626138196447153e+09	3.9729564966375830e-01	4.6435065317294292e+09
/SS/5/PX-2PY1PZ-1/b_X/eta0/bT0/bz0	5.1471591500158682e+09	6.8979415975351244e-01	7.4618769632017879e+09
/SS/5/PX-2PY1PZ-1/b_X/eta0/bT0/bz1	4.4018975497441082e+09	6.8759532694015502e-01	6.4018724055802498e+09
/SS/5/PX-2PY1PZ-1/b_X/eta0/bT0/bz2	2.9204861055907125e+09	8.6705599732816485e-01	1.9887909332420642e+09
/SS/5/PX-2PY1PZ-1/b_X/eta0/bT0/bz3	2.1895357670548820e+09	8.0786370728331691e-01	1.9407248352808106e+09
/SS/5/PX-2PY1PZ-1/b_X/eta0/bT0/bz4	1.6744620352956867e+09	4.6948509446042785e-01	4.3629770438427526e+08
/SS/5/PX-2PY1PZ-1/b_X/eta0/bT0/bz5	1.3388914292242136e+09	2.3949340206369771e-01	4.7000418024809408e+09
/SS/5/PX-2PY1PZ-2/b_X/eta0/bT0/bz-1	2.0097704071173224e+09	4.1064066340658085e+00	3.5308765657427037e+08
/SS/5/PX-2PY1PZ-2/b_X/eta0/bT0/bz-2	1.7423758565002682e+09	1.2914467987159337e+00	1.0831208432780552e+09
/SS/5/PX-2PY1PZ-2/b_X/eta0/bT0/bz-3	1.1149002598105526e+09	6.0424217424689097e-01	1.8451215544498038e+09
/SS/5/PX-2PY1PZ-2/b_X/eta0/bT0/bz-4	9.5207311622765827e+08	3.7124039408353010e-01	2.4031620427650943e+09
/SS/5/PX-2PY1PZ-2/b_X/eta0/bT0/bz-5	9.1246887844811535e+08	5.3104506130560181e-01	5.3107530298768210e+08
/SS/5/PX-2PY1PZ-2/b_X/eta0/bT0/bz0	2.3506743002408228e+09	4.6105958451042117e-01	3.3925545789406824e+09
/SS/5/PX-2PY1PZ-2/b_X/eta0/bT0/bz1	2.2456265409014421e+09	6.9434170894831593e-01	1.6911561786055045e+09
/SS/5/PX-2PY1PZ-2/b_X/eta0/bT0/bz2	1.6127146344200840e+09	6.8296619406365011e-01	1.7591872247232661e+09
/SS/5/PX-2PY1PZ-2/b_X/eta0/bT0/bz3	2.3935791214383564e+09	6.3667719005117240e-01	3.7594862181979136e+09
/SS/5/PX-2PY1PZ-2/b_X/eta0/bT0/bz4	1.9710865436452093e+09	3.7312929502283582e-01	5.2825831955236244e+09
/SS/5/PX-2PY1PZ-2/b_X/eta0/bT0/bz5	1.6273605287361217e+09	4.8400865690705697e-01	6.8642065967698741e+08
/SS/5/PX-2PY1PZ0/b_X/eta0/bT0/bz-1	5.0813462563001451e+09	4.6370670566044514e-01	1.0958103892551907e+10
/SS/5/PX-2PY1PZ0/b_X/eta0/bT0/bz-2	3.2309970793714170e+09	8.0340923140602893e-01	2.4707120628900843e+09
/SS/5/PX-2PY1PZ0/b_X/eta0/bT0/bz-3	2.0100911419713459e+09	4.8656723773458027e-01	3.8985804609351282e+09
/SS/5/PX-2PY1PZ0/b_X/eta0/bT0/bz-4	1.9620620990586529e+09	2.2230603975877647e-01	5.5440982755296144e+09
/SS/5/PX-2PY1PZ0/b_X/eta0/bT0/bz-5	1.8743261220061188e+09	5.4716025002148760e-01	1.8355513030124373e+09
/SS/5/PX-2PY1PZ0/b_X/eta0/bT0/bz0	5.9437907455412846e+09	5.0029604311345577e-01	5.1319662501085434e+09
/SS/5/PX-2PY1PZ0/b_X/eta0/bT0/bz1	5.4933709888615427e+09	6.0252886731812816e-01	5.4934706521071043e+09
/SS/5/PX-2PY1PZ0/b_X/eta0/bT0/bz2	4.2228707910538473e+09	6.3908217375948717e-01	4.4475235938384180e+09
/SS/5/PX-2PY1PZ0/b_X/eta0/bT0/bz3	2.7968419635371361e+09	6.5545535121028919e-01	2.8615030065579295e+09
/SS/5/PX-2PY1PZ0/b_X/eta0/bT0/bz4	1.5803943596673608e+09	6.4329589272995857e-01	1.5168330690617135e+09
/SS/5/PX-2PY1PZ0/b_X/eta0/bT0/bz5	1.2075139150630026e+09	5.7048404544865627e-01	8.5566026127685773e+08
/SS/5/PX-2PY2PZ-1/b_X/eta0/bT0/bz-1	2.5718191908655338e+09	5.4393705537530967e-01	4.7281558876164656e+09
/SS/5/PX-2PY2PZ-1/b_X/eta0/bT0/bz-2	2.1604045092838850e+09	5.1430215619378594e-01	4.2006522493945322e+09
/SS/5/PX-2PY2PZ-1/b_X/eta0/bT0/bz-3	1.6813632295211415e+09	5.0100669045009583e-01	2.5492012623956661e+09
/SS/5/PX-2PY2PZ-1/b_X/eta0/bT0/bz-4	1.1622330499407182e+09	4.8823649020438309e-01	1.0181739162472275e+09
/SS/5/PX-2PY2PZ-1/b_X/eta0/bT0/bz-5	9.0974732440370607e+08	6.7630653347485326e-01	1.0268702565891100e+09
/SS/5/PX-2PY2PZ-1/b_X/eta0/bT0/bz0	2.7695104403383551e+09	5.7142653303878010e-01	4.8466605595130825e+09
/SS/5/PX-2PY2PZ-1/b_X/eta0/bT0/bz1	2.5625707868772964e+09	5.7537550018188044e-01	4.4537363618493471e+09
/SS/5/PX-2PY2PZ-1/b_X/eta0/bT0/bz2	1.9035396011646652e+09	4.2071281432360025e-01	4.5245581697459707e+09
/SS/5/PX-2PY2PZ-1/b_X/eta0/bT0/bz3	1.3299135073225801e+09	7.2091634883816302e-01	1.8447542623577392e+09
/SS/5/PX-2PY2PZ-1/b_X/eta0/bT0/bz4	1.3475362935940547e+09	5.9362252063491494e-01	1.0310625110798572e+09
/SS/5/PX-2PY2PZ-1/b_X/eta0/bT0/bz5	7.4287626122249174e+08	6.8065132716847276e-01	6.4534096151132989e+08
/SS/5/PX-2PY2PZ-2/b_X/eta0/bT0/bz-1	2.6457755003688078e+09	4.2070843205150527e-01	6.2888577903399343e+09
/SS/5/PX-2PY2PZ-2/b_X/eta0/bT0/bz-2	2.0844715436943769e+09	3.3353634800490484e-01	6.2496083445265875e+09
/SS/5/PX-2PY2PZ-2/b_X/eta0/bT0/bz-3	1.3194078720641413e+09	4.3677076302685300e+00	9.4858667934995234e+07
/SS/5/PX-2PY2PZ-2/b_X/eta0/bT0/bz-4	7.5453085855575287e+08	2.7545593177518328e+00	2.4073246887280512e+08
/SS/5/PX-2PY2PZ-2/b_X/eta0/bT0/bz-5	7.3614964291365957e+08	7.0495566264444087e-01	9.6677620434280765e+08
/SS/5/PX-2PY2PZ-2/b_X/eta0/bT0/bz0	2.7699311617058868e+09	4.4925431645344494e-01	6.1656194726688347e+09
/SS/5/PX-2PY2PZ-2/b_X/eta0/bT0/bz1	2.3963354673436079e+09	4.2519575518850022e-01	5.6358405231050596e+09
/SS/5/PX-2PY2PZ-2/b_X/eta0/bT0/bz2	1.7871559274116573e+09	4.2418343074905546e-01	2.1592093211961665e+09
/SS/5/PX-2PY2PZ-2/b_X/eta0/bT0/bz3	1.2371885376507871e+09	1.3211223156533818e+00	1.7575852769122362e+08
/SS/5/PX-2PY2PZ-2/b_X/eta0/bT0/bz4	1.6844400889449353e+09	4.1941878443762931e-01	1.8283181146129050e+09
/SS/5/PX-2PY2PZ-2/b_X/eta0/bT0/bz5	2.0286393346675148e+09	6.0027996586763899e-01	7.6383900437226069e+08
/SS/5/PX-2PY2PZ0/b_X/eta0/bT0/bz-1	2.8370903288041058e+09	7.2310838772156483e-01	2.2486486290150685e+09
/SS/5/PX-2PY2PZ0/b_X/eta0/bT0/bz-2	2.8477616495365753e+09	1.0488557739234867e+00	2.0634952048506255e+09
/SS/5/PX-2PY2PZ0/b_X/eta0/bT0/bz-3	2.5577134056607990e+09	7.9622028352741159e-01	4.7660818319757724e+08
/SS/5/PX-2PY2PZ0/b_X/eta0/bT0/bz-4	2.0439911001322269e+09	4.6097349173339502e-01	7.7238490973112655e+08
/SS/5/PX-2PY2PZ0/b_X/eta0/bT0/bz-5	1.4663725886535034e+09	8.9533813761529646e-01	1.2906339056970034e+09
/SS/5/PX-2PY2PZ0/b_X/eta0/bT0/bz0	2.5963011401974697e+09	5.8204202775436675e-01	2.4914626127809439e+09
/SS/5/PX-2PY2PZ0/b_X/eta0/bT0/bz1	2.2739489870138206e+09	2.5558119392510037e-01	4.0306308036989298e+09
/SS/5/PX-2PY2PZ0/b_X/eta0/bT0/bz2	2.1018396731126518e+09	2.4865420296332505e-01	3.8363403572042861e+09
/SS/5/PX-2PY2PZ0/b_X/eta0/bT0/bz3	2.1941022970333195e+09	2.0783147087553555e-01	5.6382914860079308e+09
/SS/5/PX-2PY2PZ0/b_X/eta0/bT0/bz4	2.4187407906156712e+09	5.4622369888393807e-01	3.7412948764708982e+09
/SS/5/PX-2PY2PZ0/b_X/eta0/bT0/bz5	2.3710141030573492e+09	3.9551809445303898e-01	5.7593766067503881e+09
/SS/5/PX0PY-1PZ-1/b_X/eta0/bT0/bz-1	5.8455346403880386e+09	4.1138532594445126e-01	6.6419767886196127e+09
/SS/5/PX0PY-1PZ-1/b_X/eta0/bT0/bz-2	4.5081128934676075e+09	3.9323669980918380e-01	6.2064386760299149e+09
/SS/5/PX0PY-1PZ-1/b_X/eta0/bT0/bz-3	3.8506860550696602e+09	8.1815913034328591e-01	1.1521388838058703e+09
/SS/5/PX0PY-1PZ-1/b_X/eta0/bT0/bz-4	3.0766497116243134e+09	6.0020583175574493e-01	3.8429878026719332e+09
/SS/5/PX0PY-1PZ-1/b_X/eta0/bT0/bz-5	2.3622135286201448e+09	4.1814396759975830e-01	2.9555648565704145e+09
/SS/5/PX0PY-1PZ-1/b_X/eta0/bT0/bz0	6.5497287348423042e+09	4.2916039298513720e-01	6.7391554361644850e+09
/SS/5/PX0PY-1PZ-1/b_X/eta0/bT0/bz1	6.2316680711344261e+09	4.1946733144040532e-01	6.5938985808623266e+09
/SS/5/PX0PY-1PZ-1/b_X/eta0/bT0/bz2	5.1816350278214493e+09	3.4804547708092731e-01	6.1345628740842962e+09
/SS/5/PX0PY-1PZ-1/b_X/eta0/bT0/bz3	3.9132233844346161e+09	2.6241818961760305e-01	1.0990595647708994e+10
/SS/5/PX0PY-1PZ-1/b_X/eta0/bT0/bz4	2.7610976696392555e+09	2.3378087824994934e-01	8.0213732483995228e+09
/SS/5/PX0PY-1PZ-1/b_X/eta0/bT0/bz5	1.8605351802464561e+09	4.3324955706982238e-01	2.1268020035617917e+09
/SS/5/PX0PY-1PZ-2/b_X/eta0/bT0/bz-1	4.8213297321191444e+09	5.9609784278599010e-01	5.7949323226787663e+09
/SS/5/PX0PY-1PZ-2/b_X/eta0/bT0/bz-2	4.1857204258865871e+09	5.1623047284636603e-01	5.1751240402690401e+09
/SS/5/PX0PY-1PZ-2/b_X/eta0/bT0/bz-3	3.3798241045748272e+09	4.4833737682633990e-01	4.0852652106563401e+09
/SS/5/PX0PY-1PZ-2/b_X/eta0/bT0/bz-4	2.5983560203379993e+09	2.8491617510473555e-01	3.4372274581304431e+09
/SS/5/PX0PY-1PZ-2/b_X/eta0/bT0/bz-5	1.9647881143451443e+09	3.4389111326958249e-01	4.9123407239777145e+09
/SS/5/PX0PY-1PZ-2/b_X/eta0/bT0/bz0	5.0282741945524864e+09	7.6244747580779071e-01	5.1930724627566404e+09
/SS/5/PX0PY-1PZ-2/b_X/eta0/bT0/bz1	4.6683129416958237e+09	1.1271227830631581e+00	3.4971785218967261e+09
/SS/5/PX0PY-1PZ-2/b_X/eta0/bT0/bz2	3.9291696063915634e+09	2.7724000950694920e+00	1.3142316647646322e+09
/SS/5/PX0PY-1PZ-2/b_X/eta0/bT0/bz3	3.0593563382809372e+09	1.2347872352086908e+00	1.3021153191751611e+09
/SS/5/PX0PY-1PZ-2/b_X/eta0/bT0/bz4	2.3089617176856632e+09	2.5602084244846257e-01	6.1984342659051638e+09
/SS/5/PX0PY-1PZ-2/b_X/eta0/bT0/bz5	1.7482866187872553e+09	6.9859036166934385e-01	1.4132869542300668e+09
/SS/5/PX0PY-1PZ0/b_X/eta0/bT0/bz-1	1.4354179948161400e+10	2.7455518173428139e-01	4.6808750341351242e+10
/SS/5/PX0PY-1PZ0/b_X/eta0/bT0/bz-2	1.1967107539163414e+10	2.7880692473672364e-01	3.9245364139035141e+10
/SS/5/PX0PY-1PZ0/b_X/eta0/bT0/bz-3	9.2761345825232544e+09	2.8411002014765641e-01	3.0169521757749126e+10
/SS/5/PX0PY-1PZ0/b_X/eta0/bT0/bz-4	6.8543807026235542e+09	2.8857805630692146e-01	2.1861118274274494e+10
/SS/5/PX0PY-1PZ0/b_X/eta0/bT0/bz-5	4.9177531692805996e+09	2.8858889790699399e-01	1.5256983310746290e+10
/SS/5/PX0PY-1PZ0/b_X/eta0/bT0/bz0	1.5545273368797127e+10	2.7104823175776649e-01	4.9608238768387932e+10
/SS/5/PX0PY-1PZ0/b_X/eta0/bT0/bz1	1.4975257997595093e+10	2.6633668345649214e-01	4.6149755214195648e+10
/SS/5/PX0PY-1PZ0/b_X/eta0/bT0/bz2	1.3125777442832047e+10	2.5893616448650536e-01	3.8590002975575294e+10
/SS/5/PX0PY-1PZ0/b_X/eta0/bT0/bz3	1.0626153540987869e+10	2.6489743256491838e-01	3.0834571547475601e+10
/SS/5/PX0PY-1PZ0/b_X/eta0/bT0/bz4	8.0596890191530228e+09	2.8213515617710411e-01	2.2047352478350082e+10
/SS/5/PX0PY-1PZ0/b_X/eta0/bT0/bz5	5.9081830298096237e+09	2.9939605469114072e-01	1.5157121710088924e+10
/SS/5/PX0PY-2PZ-1/b_X/eta0/bT0/bz-1	5.7328065879132233e+09	3.5443548048145618e-01	1.6174471528995697e+10
/SS/5/PX0PY-2PZ-1/b_X/eta0/bT0/bz-2	5.1965276818183365e+09	3.4288205026412155e-01	1.5155438080866171e+10
/SS/5/PX0PY-2PZ-1/b_X/eta0/bT0/bz-3	4.4777662552410660e+09	3.4170313252410772e-01	1.3104258723543169e+10
/SS/5/PX0PY-2PZ-1/b_X/eta0/bT0/bz-4	3.6552700695249748e+09	3.4823714126755895e-01	1.0496496887781832e+10
/SS/5/PX0PY-2PZ-1/b_X/eta0/bT0/bz-5	2.7186683954175863e+09	3.2655118162011498e-01	8.3253975132764330e+09
/SS/5/PX0PY-2PZ-1/b_X/eta0/bT0/bz0	5.9548284407914276e+09	3.6687585027757558e-01	1.6231181300938854e+10
/SS/5/PX0PY-2PZ-1/b_X/eta0/bT0/bz1	5.9536464138561230e+09	3.6252964671454907e-01	1.5823346502875877e+10
/SS/5/PX0PY-2PZ-1/b_X/eta0/bT0/bz2	5.4314232044830494e+09	3.4480111644323386e-01	1.4583882200366442e+10
/SS/5/PX0PY-2PZ-1/b_X/eta0/bT0/bz3	4.5497364623430691e+09	3.2442917106453145e-01	1.2467774924587334e+10
/SS/5/PX0PY-2PZ-1/b_X/eta0/bT0/bz4	3.5805996416342640e+09	3.2229492681092048e-01	7.1860196501218224e+09
/SS/5/PX0PY-2PZ-1/b_X/eta0/bT0/bz5	2.6621737539426279e+09	3.2797127675561710e-01	4.6908141169144258e+09
/SS/5/PX0PY-2PZ-2/b_X/eta0/bT0/bz-1	6.6448849205445442e+09	1.1224820853038580e+00	1.0645341581650441e+09
/SS/5/PX0PY-2PZ-2/b_X/eta0/bT0/bz-2	5.1371980493300381e+09	3.4559909362914043e-01	1.4864616672990246e+10
/SS/5/PX0PY-2PZ-2/b_X/eta0/bT0/bz-3	3.6006031052472630e+09	3.6292487988862404e-01	6.8326764996279745e+09
/SS/5/PX0PY-2PZ-2/b_X/eta0/bT0/bz-4	2.4883470020692854e+09	6.1032473205579829e-01	1.9442438193571260e+09
/SS/5/PX0PY-2PZ-2/b_X/eta0/bT0/bz-5	2.1015421234485340e+09	2.8382552069988298e-01	4.4487412279811678e+09
/SS/5/PX0PY-2PZ-2/b_X/eta0/bT0/bz0	7.3320791402225304e+09	7.0136540088791521e-01	3.2585072219748125e+09
/SS/5/PX0PY-2PZ-2/b_X/eta0/bT0/bz1	6.7611445321927967e+09	3.7085665776772064e-01	5.1747451536342745e+09
/SS/5/PX0PY-2PZ-2/b_X/eta0/bT0/bz2	5.3705064820912666e+09	3.0447277590709365e-01	7.1959383856310005e+09
/SS/5/PX0PY-2PZ-2/b_X/eta0/bT0/bz3	3.8376968119812717e+09	2.9442429690090932e-01	1.3034579185130489e+10
/SS/5/PX0PY-2PZ-2/b_X/eta0/bT0/bz4	2.5947419173661003e+09	2.8856015097284315e-01	7.1842908130242367e+09
/SS/5/PX0PY-2PZ-2/b_X/eta0/bT0/bz5	1.9119926066336803e+09	3.3778815100795084e-01	5.6603305975308647e+09
/SS/5/PX0PY-2PZ0/b_X/eta0/bT0/bz-1	9.8822952125123711e+09	5.6735340288810410e-01	1.4501691357685698e+10
/SS/5/PX0PY-2PZ0/b_X/eta0/bT0/bz-2	8.6191017347911530e+09	5.7152638908176778e-01	1.2916987275653395e+10
/SS/5/PX0PY-2PZ0/b_X/eta0/bT0/bz-3	6.8338602666806374e+09	5.6703749356080224e-01	1.1964673932853573e+10
/SS/5/PX0PY-2PZ0/b_X/eta0/bT0/bz-4	5.0750254912376022e+09	5.6984692086260180e-01	8.5623917504553213e+09
/SS/5/PX0PY-2PZ0/b_X/eta0/bT0/bz-5	3.5443084836675091e+09	6.0776641555586197e-01	5.2703127284226084e+09
/SS/5/PX0PY-2PZ0/b_X/eta0/bT0/bz0	1.0172470783478077e+10	5.3851700375988554e-01	1.5032247711956270e+10
/SS/5/PX0PY-2PZ0/b_X/eta0/bT0/bz1	9.1481739514071579e+09	5.0442233112638624e-01	1.4152946157829943e+10
/SS/5/PX0PY-2PZ0/b_X/eta0/bT0/bz2	7.3326490558211346e+09	4.6489084999090696e-01	1.2155430777543020e+10
/SS/5/PX0PY-2PZ0/b_X/eta0/bT0/bz3	5.7428078656430969e+09	4.1370085553558622e-01	9.8547897997242393e+09
/SS/5/PX0PY-2PZ0/b_X/eta0/bT0/bz4	4.5361993465527916e+09	3.4486380117896021e-01	7.8244087578645897e+09
/SS/5/PX0PY-2PZ0/b_X/eta0/bT0/bz5	3.5818891035614471e+09	3.0820694139315202e-01	9.1709904803016644e+09
/SS/5/PX0PY0PZ-1/b_X/eta0/bT0/bz-1	1.4828595999009533e+10	3.8630873227504775e-01	2.0955328304519699e+10
/SS/5/PX0PY0PZ-1/b_X/eta0/bT0/bz-2	1.2549216590821075e+10	3.9226883869209284e-01	1.6819335147711611e+10
/SS/5/PX0PY0PZ-1/b_X/eta0/bT0/bz-3	9.8677064978194847e+09	4.2354113755840561e-01	1.3329762456143948e+10
/SS/5/PX0PY0PZ-1/b_X/eta0/bT0/bz-4	7.4524416600569916e+09	4.9632427348745123e-01	8.8259884304399948e+09
/SS/5/PX0PY0PZ-1/b_X/eta0/bT0/bz-5	5.5048847420894108e+09	6.1402609428739752e-01	5.3245101059403744e+09
/SS/5/PX0PY0PZ-1/b_X/eta0/bT0/bz0	1.5631365297598076e+10	3.8075506558344185e-01	2.2812496462391403e+10
/SS/5/PX0PY0PZ-1/b_X/eta0/bT0/bz1	1.4323517117983940e+10	3.8138819020102216e-01	2.1054661640640903e+10
/SS/5/PX0PY0PZ-1/b_X/eta0/bT0/bz2	1.1570613969225693e+10	3.8421164060279345e-01	1.6926470007558792e+10
/SS/5/PX0PY0PZ-1/b_X/eta0/bT0/bz3	8.4400964492923241e+09	3.8235851572521423e-01	1.2309138815227715e+10
/SS/5/PX0PY0PZ-1/b_X/eta0/bT0/bz4	5.6003598300860519e+09	3.6077203824811410e-01	8.4806169514010019e+09
/SS/5/PX0PY0PZ-1/b_X/eta0/bT0/bz5	3.6819439035421467e+09	3.0744911314498857e-01	5.9556300299981956e+09
/SS/5/PX0PY0PZ-2/b_X/eta0/bT0/bz-1	6.1569038854560242e+09	4.1481629887101035e-01	1.0623619735500572e+10
/SS/5/PX0PY0PZ-2/b_X/eta0/bT0/bz-2	4.9467522213367214e+09	4.3901643949691421e-01	8.1715344095292740e+09
/SS/5/PX0PY0PZ-2/b_X/eta0/bT0/bz-3	3.6800524246228523e+09	5.1255310566136414e-01	5.2900276523969240e+09
/SS/5/PX0PY0PZ-2/b_X/eta0/bT0/bz-4	2.6313680778364182e+09	6.9190534805296766e-01	2.8766980908122916e+09
/SS/5/PX0PY0PZ-2/b_X/eta0/bT0/bz-5	1.8794654867875824e+09	1.4931099738861142e+00	1.1176209591953144e+09
/SS/5/PX0PY0PZ-2/b_X/eta0/bT0/bz0	6.7917421241640205e+09	4.1714520031415064e-01	1.1625918032971348e+10
/SS/5/PX0PY0PZ-2/b_X/eta0/bT0/bz1	6.5170131897625198e+09	4.4541124497712958e-01	1.0751334719470015e+10
/SS/5/PX0PY0PZ-2/b_X/eta0/bT0/bz2	5.6556649862430611e+09	5.1295882205377841e-01	8.6320342824772167e+09
/SS/5/PX0PY0PZ-2/b_X/eta0/bT0/bz3	4.6550788449842682e+09	6.1497854808099461e-01	6.3128717896544724e+09
/SS/5/PX0PY0PZ-2/b_X/eta0/bT0/bz4	3.7217664257283649e+09	7.1715301439674284e-01	4.2197743099632454e+09
/SS/5/PX0PY0PZ-2/b_X/eta0/bT0/bz5	2.9153517232404480e+09	8.6192971142310815e-01	2.3031832764666324e+09
/SS/5/PX0PY0PZ0/b_X/eta0/bT0/bz-1	1.4814549750022346e+10	2.9925382844828452e-01	4.3305788434827133e+10
/SS/5/PX0PY0PZ0/b_X/eta0/bT0/bz-2	1.2990437842695065e+10	2.9804855345728948e-01	3.6261078741188843e+10
/SS/5/PX0PY0PZ0/b_X/eta0/bT0/bz-3	1.0474080933709839e+10	3.0551669708106022e-01	2.7355894572077652e+10
/SS/5/PX0PY0PZ0/b_X/eta0/bT0/bz-4	7.9101296187702560e+09	3.2577803705228831e-01	1.9009560146169735e+10
/SS/5/PX0PY0PZ0/b_X/eta0/bT0/bz-5	5.6513873791794930e+09	3.5863953295352524e-01	1.2585837335140200e+10
/SS/5/PX0PY0PZ0/b_X/eta0/bT0/bz0	1.5239101309594566e+10	3.0429304219538000e-01	4.5626390172348236e+10
/SS/5/PX0PY0PZ0/b_X/eta0/bT0/bz1	1.4423176223471970e+10	3.1026666507802270e-01	4.1907542850333679e+10
/SS/5/PX0PY0PZ0/b_X/eta0/bT0/bz2	1.2184366215195885e+10	3.1624745576520247e-01	3.4297266507168869e+10
/SS/5/PX0PY0PZ0/b_X/eta0/bT0/bz3	9.5801980700613670e+09	3.2046491708217517e-01	2.6013137707348534e+10
/SS/5/PX0PY0PZ0/b_X/eta0/bT0/bz4	7.2765928151153488e+09	3.2276871729588702e-01	2.0508766818362103e+10
/SS/5/PX0PY0PZ0/b_X/eta0/bT0/bz5	5.4762144234758224e+09	3.0973690951477756e-01	1.4957527393046385e+10
/SS/5/PX0PY1PZ-1/b_X/eta0/bT0/bz-1	4.0988850751263733e+09	3.3319619403067086e-01	1.0911052673204784e+10
/SS/5/PX0PY1PZ-1/b_X/eta0/bT0/bz-2	3.3438384309993668e+09	3.3006488075916973e-01	9.5601688053917141e+09
/SS/5/PX0PY1PZ-1/b_X/eta0/bT0/bz-3	2.4130598633474007e+09	3.7306595333960496e-01	4.7169455655685205e+09
/SS/5/PX0PY1PZ-1/b_X/eta0/bT0/bz-4	1.5746033707521496e+09	5.3200411425744432e-01	2.7188738664604926e+09
/SS/5/PX0PY1PZ-1/b_X/eta0/bT0/bz-5	1.2742359941146934e+09	8.7134731830110590e-01	1.4623743797124579e+09
/SS/5/PX0PY1PZ-1/b_X/eta0/bT0/bz0	4.3458848626904068e+09	2.9251806957180454e-01	1.1369589958486416e+10
/SS/5/PX0PY1PZ-1/b_X/eta0/bT0/bz1	3.9777899270056839e+09	2.9403228266869291e-01	8.7787632519883785e+09
/SS/5/PX0PY1PZ-1/b_X/eta0/bT0/bz2	3.2649794181005707e+09	3.0771340961848309e-01	7.2913966465533314e+09
/SS/5/PX0PY1PZ-1/b_X/eta0/bT0/bz3	2.5557176408667831e+09	2.9805808352815005e-01	6.0832752036062069e+09
/SS/5/PX0PY1PZ-1/b_X/eta0/bT0/bz4	2.0168416459437256e+09	2.5055161835570078e-01	5.4816876777938089e+09
/SS/5/PX0PY1PZ-1/b_X/eta0/bT0/bz5	1.6788413853520832e+09	1.7510573388948272e-01	5.3209882618861141e+09
/SS/5/PX0PY1PZ-2/b_X/eta0/bT0/bz-1	5.1541726514207077e+09	5.2711375047414610e-01	2.3494375501452184e+09
/SS/5/PX0PY1PZ-2/b_X/eta0/bT0/bz-2	4.0439140115494804e+09	2.8092969731738332e-01	1.2837923447367130e+10
/SS/5/PX0PY1PZ-2/b_X/eta0/bT0/bz-3	2.7948376275157547e+09	2.9408388678349617e-01	7.2889860098748083e+09
/SS/5/PX0PY1PZ-2/b_X/eta0/bT0/bz-4	1.8797152852852602e+09	3.4907008061400618e-01	4.9951284751653633e+09
/SS/5/PX0PY1PZ-2/b_X/eta0/bT0/bz-5	1.4480374033751569e+09	6.6420755814512644e-01	1.9950138909033871e+09
/SS/5/PX0PY1PZ-2/b_X/eta0/bT0/bz0	5.7261662311142159e+09	5.2481606876612752e-01	1.2562311457385280e+09
/SS/5/PX0PY1PZ-2/b_X/eta0/bT0/bz1	5.3512244400791283e+09	5.7672518555696051e-01	2.7640985745127397e+09
/SS/5/PX0PY1PZ-2/b_X/eta0/bT0/bz2	4.3179135797610779e+09	3.2229777653594377e-01	5.1458746290272379e+09
/SS/5/PX0PY1PZ-2/b_X/eta0/bT0/bz3	3.2725901349497414e+09	3.2297691470445805e-01	7.9462156709962130e+09
/SS/5/PX0PY1PZ-2/b_X/eta0/bT0/bz4	2.4515035722639027e+09	2.9786053482690383e-01	5.9573890121708622e+09
/SS/5/PX0PY1PZ-2/b_X/eta0/bT0/bz5	1.7774626837489443e+09	2.7529841339234812e-01	6.4564944702959499e+09
/SS/5/PX0PY1PZ0/b_X/eta0/bT0/bz-1	4.1391050791190186e+09	1.7076302826769180e-01	1.7985042229324692e+10
/SS/5/PX0PY1PZ0/b_X/eta0/bT0/bz-2	3.3991901206972351e+09	1.6195164673661300e-01	1.5265683742370829e+10
/SS/5/PX0PY1PZ0/b_X/eta0/bT0/bz-3	2.5895829114271469e+09	1.5568602775255977e-01	1.6452369996279446e+10
/SS/5/PX0PY1PZ0/b_X/eta0/bT0/bz-4	2.1179274201852703e+09	1.8270655923463278e-01	1.1591961608041758e+10
/SS/5/PX0PY1PZ0/b_X/eta0/bT0/bz-5	1.7362047032180109e+09	2.1956257036948046e-01	7.9075622966898279e+09
/SS/5/PX0PY1PZ0/b_X/eta0/bT0/bz0	4.3626772869453278e+09	1.8145998979502617e-01	1.9041592287404518e+10
/SS/5/PX0PY1PZ0/b_X/eta0/bT0/bz1	3.8543044900854950e+09	1.9213890544622078e-01	1.7937378179769199e+10
/SS/5/PX0PY1PZ0/b_X/eta0/bT0/bz2	3.0168982999814854e+09	1.9414728920538649e-01	1.5539224432796167e+10
/SS/5/PX0PY1PZ0/b_X/eta0/bT0/bz3	2.3219892893883457e+09	1.8082815932149734e-01	1.2840861169526384e+10
/SS/5/PX0PY1PZ0/b_X/eta0/bT0/bz4	1.7335914920784836e+09	1.5512721490741485e-01	1.0218148464067894e+10
/SS/5/PX0PY1PZ0/b_X/eta0/bT0/bz5	1.3421989004509888e+09	1.1879003061285552e-01	7.8831342791500940e+09
/SS/5/PX0PY2PZ-1/b_X/eta0/bT0/bz-1	3.0522271067748652e+09	4.6725359493276464e-01	6.5322709977524405e+09
/SS/5/PX0PY2PZ-1/b_X/eta0/bT0/bz-2	2.5844547194350333e+09	4.7283281241226732e-01	5.4658954530880213e+09
/SS/5/PX0PY2PZ-1/b_X/eta0/bT0/bz-3	2.0338846129886293e+09	4.4020634756007881e-01	4.4986207628690615e+09
/SS/5/PX0PY2PZ-1/b_X/eta0/bT0/bz-4	1.9473422490909281e+09	3.5888700633886683e-01	3.6269939719269137e+09
/SS/5/PX0PY2PZ-1/b_X/eta0/bT0/bz-5	1.6128033959736958e+09	8.5780800829402337e-01	6.4823963597529542e+08
/SS/5/PX0PY2PZ-1/b_X/eta0/bT0/bz0	3.3547965833674927e+09	4.4173375507512680e-01	7.3827919746242132e+09
/SS/5/PX0PY2PZ-1/b_X/eta0/bT0/bz1	3.4001409019017715e+09	4.0336986000938607e-01	7.6585407888228645e+09
/SS/5/PX0PY2PZ-1/b_X/eta0/bT0/bz2	3.0922401216187038e+09	3.7285552304442443e-01	6.1556702332874880e+09
/SS/5/PX0PY2PZ-1/b_X/eta0/bT0/bz3	2.6603440603787127e+09	3.6719919143372864e-01	5.4547695618299065e+09
/SS/5/PX0PY2PZ-1/b_X/eta0/bT0/bz4	2.2390692476603079e+09	3.5334018433463715e-01	5.0762096748510942e+09
/SS/5/PX0PY2PZ-1/b_X/eta0/bT0/bz5	1.8598025140580111e+09	3.3364270500499915e-01	4.8714962801251307e+09
/SS/5/PX0PY2PZ-2/b_X/eta0/bT0/bz-1	2.7108819349010582e+09	8.0585253748252827e-01	2.3178241544951882e+09
/SS/5/PX0PY2PZ-2/b_X/eta0/bT0/bz-2	1.8978817112514057e+09	5.8710341234783225e-01	2.3847427672197795e+09
/SS/5/PX0PY2PZ-2/b_X/eta0/bT0/bz-3	1.0931888508306446e+09	4.7988831430314488e-01	1.8051337836650074e+09
/SS/5/PX0PY2PZ-2/b_X/eta0/bT0/bz-4	7.1020231660538375e+08	5.4793654774997957e-01	1.2961397072739983e+09
/SS/5/PX0PY2PZ-2/b_X/eta0/bT0/bz-5	6.3310051943817687e+08	3.4448563932489706e-01	1.8378139671624353e+09
/SS/5/PX0PY2PZ-2/b_X/eta0/bT0/bz0	3.2190586405024529e+09	8.9654192635465213e-01	2.0482132621499665e+09
/SS/5/PX0PY2PZ-2/b_X/eta0/bT0/bz1	3.2125912565408669e+09	6.5193830961433108e-01	1.7029157461839271e+09
/SS/5/PX0PY2PZ-2/b_X/eta0/bT0/bz2	2.7944487219445305e+09	5.0879938387960022e-01	1.6518533783468273e+09
/SS/5/PX0PY2PZ-2/b_X/eta0/bT0/bz3	2.2077056520719128e+09	4.7033886294706850e-01	2.1982951178286967e+09
/SS/5/PX0PY2PZ-2/b_X/eta0/bT0/bz4	1.6551945162786980e+09	1.0365778099127996e+00	1.3620488382865684e+09
/SS/5/PX0PY2PZ-2/b_X/eta0/bT0/bz5	1.2954297083013983e+09	1.1661560680108460e+00	7.8587932823364198e+08
/SS/5/PX0PY2PZ0/b_X/eta0/bT0/bz-1	1.0499087032252380e+10	3.8195131328233489e-01	8.1456251271396437e+09
/SS/5/PX0PY2PZ0/b_X/eta0/bT0/bz-2	8.6184601760293350e+09	6.2978775292733369e-01	4.2295864042040248e+09
/SS/5/PX0PY2PZ0/b_X/eta0/bT0/bz-3	6.5540308199223747e+09	9.1915092667833476e-01	2.2317200524262910e+09
/SS/5/PX0PY2PZ0/b_X/eta0/bT0/bz-4	4.8505527288391151e+09	4.8926465564482380e-01	2.9182853913325100e+09
/SS/5/PX0PY2PZ0/b_X/eta0/bT0/bz-5	3.5169765082360363e+09	3.7806317830013469e-01	2.1655402914702678e+09
/SS/5/PX0PY2PZ0/b_X/eta0/bT0/bz0	1.1266403474549538e+10	3.2633059709836981e-01	5.2323173069891663e+09
/SS/5/PX0PY2PZ0/b_X/eta0/bT0/bz1	1.0313462222167839e+10	3.7882713229763926e-01	4.2305592019907365e+09
/SS/5/PX0PY2PZ0/b_X/eta0/bT0/bz2	8.2644889549247742e+09	3.4312790992004938e-01	2.7090773946371222e+09
/SS/5/PX0PY2PZ0/b_X/eta0/bT0/bz3	6.0504531840172386e+09	3.6982455826382477e-01	2.9171219062564149e+09
/SS/5/PX0PY2PZ0/b_X/eta0/bT0/bz4	4.1700206807991142e+09	8.1042619103792646e-01	1.2149826647578044e+09
/SS/5/PX0PY2PZ0/b_X/eta0/bT0/bz5	2.7531085353659153e+09	7.2086357928184608e+00	1.0798543286904040e+08
/SS/5/PX1PY-1PZ-1/b_X/eta0/bT0/bz-1	9.1909550202005253e+09	2.2719934791937413e+00	3.3177894273516393e+09
/SS/5/PX1PY-1PZ-1/b_X/eta0/bT0/bz-2	8.3024787224655371e+09	7.7739788763785329e+00	1.0679831852505885e+09
/SS/5/PX1PY-1PZ-1/b_X/eta0/bT0/bz-3	7.1637852960352125e+09	1.4157199028756276e+01	5.0601713527400756e+08
/SS/5/PX1PY-1PZ-1/b_X/eta0/bT0/bz-4	5.0217095672391253e+09	4.6055525481717545e+00	1.0903598460151260e+09
/SS/5/PX1PY-1PZ-1/b_X/eta0/bT0/bz-5	3.3789609297078362e+09	2.2631089340153174e+00	1.4930615486160977e+09
/SS/5/PX1PY-1PZ-1/b_X/eta0/bT0/bz0	9.4919613613081245e+09	1.0454615659252460e+00	5.6806486487157393e+09
/SS/5/PX1PY-1PZ-1/b_X/eta0/bT0/bz1	8.8272358199445992e+09	8.2773321169514280e-01	1.0664348965612972e+10
/SS/5/PX1PY-1PZ-1/b_X/eta0/bT0/bz2	7.6232998352901115e+09	9.2461723346241187e-01	8.2448169462980480e+09
/SS/5/PX1PY-1PZ-1/b_X/eta0/bT0/bz3	6.3531864783596354e+09	1.1290120022791243e+00	5.6272089805374308e+09
/SS/5/PX1PY-1PZ-1/b_X/eta0/bT0/bz4	5.0361767929709015e+09	1.3172283350745231e+00	3.8233134369114342e+09
/SS/5/PX1PY-1PZ-1/b_X/eta0/bT0/bz5	3.3493789172196689e+09	1.3510598855765390e+00	1.9895615399874303e+09
/SS/5/PX1PY-1PZ-2/b_X/eta0/bT0/bz-1	5.5311028128523598e+09	3.4431236185182662e-01	8.4679577057506933e+09
/SS/5/PX1PY-1PZ-2/b_X/eta0/bT0/bz-2	4.5397357468629093e+09	3.7013536104946237e-01	6.1199758331750765e+09
/SS/5/PX1PY-1PZ-2/b_X/eta0/bT0/bz-3	3.3905289958486519e+09	4.7155690993095051e-01	3.2513413618391638e+09
/SS/5/PX1PY-1PZ-2/b_X/eta0/bT0/bz-4	2.3947310376308250e+09	4.0561314612738913e-01	1.7129935879904692e+09
/SS/5/PX1PY-1PZ-2/b_X/eta0/bT0/bz-5	1.6080434917319584e+09	1.1773521867547112e+00	7.9417442255643427e+08
/SS/5/PX1PY-1PZ-2/b_X/eta0/bT0/bz0	5.8502120598231583e+09	3.4250449197681865e-01	9.2536260279922752e+09
/SS/5/PX1PY-1PZ-2/b_X/eta0/bT0/bz1	5.2819014613579979e+09	3.5083420068567545e-01	8.2488933734094448e+09
/SS/5/PX1PY-1PZ-2/b_X/eta0/bT0/bz2	4.2576213627262840e+09	3.6311186053705158e-01	6.4498453982191229e+09
/SS/5/PX1PY-1PZ-2/b_X/eta0/bT0/bz3	3.4917508905945225e+09	3.6207860069747527e-01	4.6950367479745903e+09
/SS/5/PX1PY-1PZ-2/b_X/eta0/bT0/bz4	2.8720749425925102e+09	3.2974061296037827e-01	3.2386409430720787e+09
/SS/5/PX1PY-1PZ-2/b_X/eta0/bT0/bz5	2.3146668661127205e+09	6.5830691402005581e-01	4.5813957412940484e+08
/SS/5/PX1PY-1PZ0/b_X/eta0/bT0/bz-1	4.6355788858796158e+09	5.6399837891102678e-01	8.2191351238101673e+09
/SS/5/PX1PY-1PZ0/b_X/eta0/bT0/bz-2	4.7742107742421980e+09	8.4388639913062446e-01	5.6574093138135786e+09
/SS/5/PX1PY-1PZ0/b_X/eta0/bT0/bz-3	4.4902819495983505e+09	1.2581889622831637e+00	3.5688454470702815e+09
/SS/5/PX1PY-1PZ0/b_X/eta0/bT0/bz-4	3.6172126260476718e+09	1.3538387010955835e+00	2.6718194886292367e+09
/SS/5/PX1PY-1PZ0/b_X/eta0/bT0/bz-5	2.6690606603599696e+09	9.4135354073240707e-01	2.5957225201109257e+09
/SS/5/PX1PY-1PZ0/b_X/eta0/bT0/bz0	3.9024347703037739e+09	4.3137168358114120e-01	6.4714239821000853e+09
/SS/5/PX1PY-1PZ0/b_X/eta0/bT0/bz1	3.8724643553043098e+09	4.9929556717584167e-01	5.6663873189181108e+09
/SS/5/PX1PY-1PZ0/b_X/eta0/bT0/bz2	3.6896291977189560e+09	4.3373581314937931e-01	5.0637050482894726e+09
/SS/5/PX1PY-1PZ0/b_X/eta0/bT0/bz3	3.4135183697910881e+09	3.1404974186550977e-01	1.0869355757193745e+10
/SS/5/PX1PY-1PZ0/b_X/eta0/bT0/bz4	3.0579293550653238e+09	4.6183754044132008e-01	6.6212230217215452e+09
/SS/5/PX1PY-1PZ0/b_X/eta0/bT0/bz5	2.6637024949229445e+09	7.9925738929117329e-01	3.3327217622414060e+09
/SS/5/PX1PY-2PZ-1/b_X/eta0/bT0/bz-1	2.3370795454259796e+09	2.6890495440072709e-01	4.5100315896796932e+09
/SS/5/PX1PY-2PZ-1/b_X/eta0/bT0/bz-2	1.8420120431455860e+09	2.1368658562070958e-01	6.8361523519560909e+09
/SS/5/PX1PY-2PZ-1/b_X/eta0/bT0/bz-3	1.4190953826563568e+09	1.7627092961562721e-01	5.6391517641848345e+09
/SS/5/PX1PY-2PZ-1/b_X/eta0/bT0/bz-4	1.0242287180477610e+09	2.0059247628088642e-01	2.5835342487466135e+09
/SS/5/PX1PY-2PZ-1/b_X/eta0/bT0/bz-5	7.1003713974444103e+08	2.6303483895963242e-01	2.1081444654814198e+09
/SS/5/PX1PY-2PZ-1/b_X/eta0/bT0/bz0	2.6136223074480610e+09	4.3013108851953868e-01	3.5573113231803041e+09
/SS/5/PX1PY-2PZ-1/b_X/eta0/bT0/bz1	2.5421059390314522e+09	4.2226477406323354e-01	3.1937718984871125e+09
/SS/5/PX1PY-2PZ-1/b_X/eta0/bT0/bz2	2.2278881576833897e+09	3.1828059045993579e-01	4.8795704509321718e+09
/SS/5/PX1PY-2PZ-1/b_X/eta0/bT0/bz3	1.8349727398617134e+09	3.2177995980526014e-01	4.4062846260611610e+09
/SS/5/PX1PY-2PZ-1/b_X/eta0/bT0/bz4	1.5212505600199809e+09	3.7775536197212389e-01	4.0270786682631922e+09
/SS/5/PX1PY-2PZ-1/b_X/eta0/bT0/bz5	1.2067404753281426e+09	4.5324712470600531e-01	2.4889121185960140e+09
/SS/5/PX1PY-2PZ-2/b_X/eta0/bT0/bz-1	3.3263172010161195e+09	9.5263663550505295e-01	2.4702336332396526e+09
/SS/5/PX1PY-2PZ-2/b_X/eta0/bT0/bz-2	2.9522735158623972e+09	1.0557119969908488e+00	2.2568038634178343e+09
/SS/5/PX1PY-2PZ-2/b_X/eta0/bT0/bz-3	2.5396104805146475e+09	1.2985663769134994e+00	1.6320883532559407e+09
/SS/5/PX1PY-2PZ-2/b_X/eta0/bT0/bz-4	2.1215377299116817e+09	1.9660174842264579e+00	9.1035307746114159e+08
/SS/5/PX1PY-2PZ-2/b_X/eta0/bT0/bz-5	1.6824526523065801e+09	1.9788768214268353e+00	6.6823493734768045e+08
/SS/5/PX1PY-2PZ-2/b_X/eta0/bT0/bz0	3.4487856142521801e+09	7.4096825370390040e-01	2.3443368952936497e+09
/SS/5/PX1PY-2PZ-2/b_X/eta0/bT0/bz1	3.1035345663565431e+09	5.1307528849338235e-01	6.0488872412271175e+09
/SS/5/PX1PY-2PZ-2/b_X/eta0/bT0/bz2	2.4491947509111319e+09	5.3329445874755066e-01	4.5517453502289267e+09
/SS/5/PX1PY-2PZ-2/b_X/eta0/bT0/bz3	2.0074489202756386e+09	7.0685996327694667e-01	2.6871094439804034e+09
/SS/5/PX1PY-2PZ-2/b_X/eta0/bT0/bz4	1.6782592260751352e+09	5.8363490446354604e-01	2.2386528668120165e+09
/SS/5/PX1PY-2PZ-2/b_X/eta0/bT0/bz5	1.5101269878977976e+09	5.0684606322908965e-01	2.4486000922117987e+09
/SS/5/PX1PY-2PZ0/b_X/eta0/bT0/bz-1	7.5343126414010086e+09	3.4982558705155087e-01	4.3187169310764284e+09
/SS/5/PX1PY-2PZ0/b_X/eta0/bT0/bz-2	6.0867070233731461e+09	3.0761977580845001e-01	4.9248112002735519e+09
/SS/5/PX1PY-2PZ0/b_X/eta0/bT0/bz-3	4.5089279951089363e+09	4.0240948910806762e-01	3.4357401823230567e+09
/SS/5/PX1PY-2PZ0/b_X/eta0/bT0/bz-4	3.1213030160084972e+09	5.0546924517222092e-01	2.2713691589635253e+09
/SS/5/PX1PY-2PZ0/b_X/eta0/bT0/bz-5	1.9883688817323151e+09	4.1170040355177839e-01	1.5503846642702839e+09
/SS/5/PX1PY-2PZ0/b_X/eta0/bT0/bz0	8.2115177041535416e+09	3.5752984658882636e-01	3.6091555060369773e+09
/SS/5/PX1PY-2PZ0/b_X/eta0/bT0/bz1	7.6697238182401657e+09	2.0439918792078565e-01	8.6651289895666180e+09
/SS/5/PX1PY-2PZ0/b_X/eta0/bT0/bz2	6.3106853411543922e+09	2.0461284469519306e-01	1.2298846497434635e+10
/SS/5/PX1PY-2PZ0/b_X/eta0/bT0/bz3	4.7666365594425964e+09	2.1457162630405022e-01	8.8054124271079922e+09
/SS/5/PX1PY-2PZ0/b_X/eta0/bT0/bz4	3.4053968039517708e+09	2.3895974418563976e-01	5.8257870126252108e+09
/SS/5/PX1PY-2PZ0/b_X/eta0/bT0/bz5	2.3379348797967224e+09	3.3416580510485849e-01	1.8903261690609081e+09
/SS/5/PX1PY0PZ-1/b_X/eta0/bT0/bz-1	5.0096290297540550e+09	3.4654889735619326e-01	5.8462044405443106e+09
/SS/5/PX1PY0PZ-1/b_X/eta0/bT0/bz-2	4.3310847544685860e+09	3.4238003059433281e-01	4.5049901976486740e+09
/SS/5/PX1PY0PZ-1/b_X/eta0/bT0/bz-3	3.4042715021366005e+09	3.0042551044337340e-01	3.5549440480276055e+09
/SS/5/PX1PY0PZ-1/b_X/eta0/bT0/bz-4	2.4977183336602650e+09	4.1836387248593548e-01	4.6800928940275230e+09
/SS/5/PX1PY0PZ-1/b_X/eta0/bT0/bz-5	2.0709440929648509e+09	6.5553489992266212e-01	3.1591668013543963e+09
/SS/5/PX1PY0PZ-1/b_X/eta0/bT0/bz0	5.1102895699109344e+09	3.3530382513505791e-01	7.0376087195554523e+09
/SS/5/PX1PY0PZ-1/b_X/eta0/bT0/bz1	4.5858867306498756e+09	3.3562099233294818e-01	6.7841251043776474e+09
/SS/5/PX1PY0PZ-1/b_X/eta0/bT0/bz2	3.6534999088917923e+09	4.6194233803915291e-01	5.0651102967028255e+09
/SS/5/PX1PY0PZ-1/b_X/eta0/bT0/bz3	2.6510335015656509e+09	5.7777839023088251e-01	3.3432200759886923e+09
/SS/5/PX1PY0PZ-1/b_X/eta0/bT0/bz4	1.8015291345546188e+09	4.0109181713780906e-01	3.4740638060383482e+09
/SS/5/PX1PY0PZ-1/b_X/eta0/bT0/bz5	1.2478657113305187e+09	2.6472171464742955e-01	1.9921371207430067e+09
/SS/5/PX1PY0PZ-2/b_X/eta0/bT0/bz-1	7.3628786375425262e+09	2.9800568949462097e-01	1.5835764422861147e+10
/SS/5/PX1PY0PZ-2/b_X/eta0/bT0/bz-2	5.9788067713218575e+09	2.9021363102813164e-01	1.3832037829540010e+10
/SS/5/PX1PY0PZ-2/b_X/eta0/bT0/bz-3	4.4033860272881031e+09	2.8276032103177323e-01	1.1231723401558964e+10
/SS/5/PX1PY0PZ-2/b_X/eta0/bT0/bz-4	2.9563192343257256e+09	3.1243417722953509e-01	6.4281915530660496e+09
/SS/5/PX1PY0PZ-2/b_X/eta0/bT0/bz-5	1.9398938173164854e+09	3.5314724486894888e-01	4.1413579998657317e+09
/SS/5/PX1PY0PZ-2/b_X/eta0/bT0/bz0	7.9703933633481216e+09	3.1080054981895078e-01	1.6077714291501284e+10
/SS/5/PX1PY0PZ-2/b_X/eta0/bT0/bz1	7.3842071789264984e+09	3.2587120058578806e-01	1.4402375538848160e+10
/SS/5/PX1PY0PZ-2/b_X/eta0/bT0/bz2	5.9761365802967224e+09	3.3848112708922679e-01	1.1932662681561129e+10
/SS/5/PX1PY0PZ-2/b_X/eta0/bT0/bz3	4.3917060000386887e+09	3.3284803148995473e-01	9.8841888379971294e+09
/SS/5/PX1PY0PZ-2/b_X/eta0/bT0/bz4	3.4731399485240097e+09	3.0248740195596036e-01	8.5637959376571836e+09
/SS/5/PX1PY0PZ-2/b_X/eta0/bT0/bz5	2.7260647065814075e+09	3.6863233290629988e-01	5.0820971034209175e+09
/SS/5/PX1PY0PZ0/b_X/eta0/bT0/bz-1	8.5936842298704453e+09	1.1414524201604501e+00	7.2787142823625727e+09
/SS/5/PX1PY0PZ0/b_X/eta0/bT0/bz-2	7.3589481612760792e+09	1.6372902114702514e+00	4.4173789017733545e+09
/SS/5/PX1PY0PZ0/b_X/eta0/bT0/bz-3	5.8518237216768246e+09	1.7412519484411619e+00	2.7830652607745476e+09
/SS/5/PX1PY0PZ0/b_X/eta0/bT0/bz-4	4.3949566408007069e+09	6.8949853355193313e-01	4.1501454662477636e+09
/SS/5/PX1PY0PZ0/b_X/eta0/bT0/bz-5	3.1072352684148817e+09	6.9994158305602516e-01	3.0956039837466865e+09
/SS/5/PX1PY0PZ0/b_X/eta0/bT0/bz0	9.0778948727988167e+09	8.7825186662782384e-01	9.5544848040144081e+09
/SS/5/PX1PY0PZ0/b_X/eta0/bT0/bz1	8.5996684654580040e+09	7.4109071435618623e-01	9.1379145716002941e+09
/SS/5/PX1PY0PZ0/b_X/eta0/bT0/bz2	7.4649645229496822e+09	7.2589324019701384e-01	7.7522081844863672e+09
/SS/5/PX1PY0PZ0/b_X/eta0/bT0/bz3	6.0285965331044006e+09	8.8141452386960162e-01	6.0056850355668869e+09
/SS/5/PX1PY0PZ0/b_X/eta0/bT0/bz4	4.6868984242153692e+09	1.0184270168094687e+00	3.0762850189548712e+09
/SS/5/PX1PY0PZ0/b_X/eta0/bT0/bz5	3.5851589531024451e+09	1.4341755405879577e+00	2.4998048367445073e+09
/SS/5/PX1PY1PZ-1/b_X/eta0/bT0/bz-1	8.0664959189962692e+09	2.2656421362245618e-01	3.5603574765952133e+10
/SS/5/PX1PY1PZ-1/b_X/eta0/bT0/bz-2	6.9256373440827789e+09	2.4337148113048609e-01	2.8457062067882671e+10
/SS/5/PX1PY1PZ-1/b_X/eta0/bT0/bz-3	5.6299676725876923e+09	2.7721282743595610e-01	2.0309188880836952e+10
/SS/5/PX1PY1PZ-1/b_X/eta0/bT0/bz-4	4.5041177880390053e+09	3.4232733143765037e-01	1.3157342036124744e+10
/SS/5/PX1PY1PZ-1/b_X/eta0/bT0/bz-5	3.5200826691199217e+09	4.4803880981147892e-01	7.8566467726335249e+09
/SS/5/PX1PY1PZ-1/b_X/eta0/bT0/bz0	8.4002473676453400e+09	2.1776613299531380e-01	3.8574627064834312e+10
/SS/5/PX1PY1PZ-1/b_X/eta0/bT0/bz1	7.5114388550011253e+09	2.1118482694424173e-01	3.5568080167920113e+10
/SS/5/PX1PY1PZ-1/b_X/eta0/bT0/bz2	5.8508393209403534e+09	2.0382370941099795e-01	2.8705391231706497e+10
/SS/5/PX1PY1PZ-1/b_X/eta0/bT0/bz3	4.1454039829977207e+09	1.9439883311575196e-01	2.1324222561199223e+10
/SS/5/PX1PY1PZ-1/b_X/eta0/bT0/bz4	2.9285808515604706e+09	1.8359145195488086e-01	1.5264090414705027e+10
/SS/5/PX1PY1PZ-1/b_X/eta0/bT0/bz5	2.3114947549851646e+09	1.8842117848223297e-01	7.2387663857326441e+09
/SS/5/PX1PY1PZ-2/b_X/eta0/bT0/bz-1	3.6297821753836288e+09	1.0469602088775118e-01	6.5672780836298847e+09
/SS/5/PX1PY1PZ-2/b_X/eta0/bT0/bz-2	2.7954565240789795e+09	1.3282770349605519e-01	5.8205294619010887e+09
/SS/5/PX1PY1PZ-2/b_X/eta0/bT0/bz-3	2.0162367700442581e+09	1.7935693179119835e-01	4.3964196897249517e+09
/SS/5/PX1PY1PZ-2/b_X/eta0/bT0/bz-4	1.3782542492346840e+09	2.7375048496865756e-01	2.7816891502414551e+09
/SS/5/PX1PY1PZ-2/b_X/eta0/bT0/bz-5	8.8448323666501045e+08	3.3559885805167772e-01	1.6934813548204989e+09
/SS/5/PX1PY1PZ-2/b_X/eta0/bT0/bz0	4.2759952712671814e+09	7.5107624249839813e-02	6.7402890669865265e+09
/SS/5/PX1PY1PZ-2/b_X/eta0/bT0/bz1	4.4877605058705597e+09	7.9307558747960583e-02	5.6586794206245361e+10
/SS/5/PX1PY1PZ-2/b_X/eta0/bT0/bz2	4.3296626983111801e+09	8.9960732301578222e-02	4.8128362092437332e+10
/SS/5/PX1PY1PZ-2/b_X/eta0/bT0/bz3	3.9636324406990929e+09	1.0662690585366968e-01	6.2754187583592196e+09
/SS/5/PX1PY1PZ-2/b_X/eta0/bT0/bz4	3.5203388225635719e+09	1.7299456912280714e-01	3.3087324314000645e+09
/SS/5/PX1PY1PZ-2/b_X/eta0/bT0/bz5	3.0825043245319309e+09	2.4558959420262072e-01	2.1471816307488134e+09
/SS/5/PX1PY1PZ0/b_X/eta0/bT0/bz-1	8.1720509453581543e+09	8.2033476874758349e-01	4.1599529129738507e+09
/SS/5/PX1PY1PZ0/b_X/eta0/bT0/bz-2	6.7742084223966713e+09	5.2056110942626799e-01	5.7323294701502857e+09
/SS/5/PX1PY1PZ0/b_X/eta0/bT0/bz-3	5.2687554836753845e+09	4.2864541856299559e-01	7.2717791967143993e+09
/SS/5/PX1PY1PZ0/b_X/eta0/bT0/bz-4	4.0248097492890587e+09	7.2463549366752134e-01	3.3806316508035183e+09
/SS/5/PX1PY1PZ0/b_X/eta0/bT0/bz-5	2.9537174588034172e+09	9.0080577620034219e-01	1.5003149637331851e+09
/SS/5/PX1PY1PZ0/b_X/eta0/bT0/bz0	8.7308577913742771e+09	5.7496182273928886e-01	4.0934222683356571e+09
/SS/5/PX1PY1PZ0/b_X/eta0/bT0/bz1	8.0918842129977436e+09	6.6936795026037976e-01	2.8902988023785372e+09
/SS/5/PX1PY1PZ0/b_X/eta0/bT0/bz2	6.7082161758652706e+09	4.8347469480278288e-01	8.9662537169103470e+09
/SS/5/PX1PY1PZ0/b_X/eta0/bT0/bz3	5.4031121856922455e+09	5.6041064168533727e-01	4.4738353534598722e+09
/SS/5/PX1PY1PZ0/b_X/eta0/bT0/bz4	4.2962208427250843e+09	5.1486138880923293e-01	3.2764767064791865e+09
/SS/5/PX1PY1PZ0/b_X/eta0/bT0/bz5	3.4163643159891338e+09	3.3603736154459712e-01	9.3477929321361656e+09
/SS/5/PX1PY2PZ-1/b_X/eta0/bT0/bz-1	3.9620523207878952e+09	6.0781544581165659e-01	2.4510725047135110e+09
/SS/5/PX1PY2PZ-1/b_X/eta0/bT0/bz-2	2.9787785390274258e+09	6.5486235676944315e-01	3.2522576026572638e+09
/SS/5/PX1PY2PZ-1/b_X/eta0/bT0/bz-3	1.9682290410498257e+09	8.9297690982246947e-01	2.0423777173007340e+09
/SS/5/PX1PY2PZ-1/b_X/eta0/bT0/bz-4	1.4589390276663771e+09	5.9726099449339698e-01	1.5490622791554496e+09
/SS/5/PX1PY2PZ-1/b_X/eta0/bT0/bz-5	1.1909994413896561e+09	3.6575064165891186e-01	1.4864131431783292e+09
/SS/5/PX1PY2PZ-1/b_X/eta0/bT0/bz0	4.4725551896002064e+09	4.7827116270213815e-01	1.9894152360462980e+09
/SS/5/PX1PY2PZ-1/b_X/eta0/bT0/bz1	4.1153520619955807e+09	3.6704133934926425e-01	6.7663714966795158e+09
/SS/5/PX1PY2PZ-1/b_X/eta0/bT0/bz2	3.2243281109425850e+09	3.0204811375500046e-01	6.4784311712769728e+09
/SS/5/PX1PY2PZ-1/b_X/eta0/bT0/bz3	2.3099591120877743e+09	2.5777087577545005e-01	5.6693404043672943e+09
/SS/5/PX1PY2PZ-1/b_X/eta0/bT0/bz4	1.7122477396821156e+09	3.9857445468819125e-01	1.3449545761321199e+09
/SS/5/PX1PY2PZ-1/b_X/eta0/bT0/bz5	1.3538212122354860e+09	3.2795724146680866e-01	1.1550953237977412e+09
/SS/5/PX1PY2PZ-2/b_X/eta0/bT0/bz-1	3.3725486796524639e+09	3.1698219101881098e-01	3.9192967330655980e+09
/SS/5/PX1PY2PZ-2/b_X/eta0/bT0/bz-2	2.7970702825223179e+09	3.7410243761956580e-01	2.4801576147954507e+09
/SS/5/PX1PY2PZ-2/b_X/eta0/bT0/bz-3	2.0946741124030762e+09	5.0917501264080922e-01	1.0969851477216914e+09
/SS/5/PX1PY2PZ-2/b_X/eta0/bT0/bz-4	1.6325201615200067e+09	7.8981982560129527e-01	9.3428776929211199e+08
/SS/5/PX1PY2PZ-2/b_X/eta0/bT0/bz-5	1.3264033429035583e+09	4.6266742027006041e-01	2.8668613453035712e+09
/SS/5/PX1PY2PZ-2/b_X/eta0/bT0/bz0	3.9820157587580719e+09	2.4927780462978977e-01	5.1693179353534975e+09
/SS/5/PX1PY2PZ-2/b_X/eta0/bT0/bz1	4.1708762446158485e+09	2.2373276650228635e-01	1.4891719390360762e+10
/SS/5/PX1PY2PZ-2/b_X/eta0/bT0/bz2	3.9424713479952259e+09	2.4700195668103028e-01	1.0871377297337988e+10
/SS/5/PX1PY2PZ-2/b_X/eta0/bT0/bz3	3.4075618049744091e+09	2.8278862431544083e-01	6.7580452949596367e+09
/SS/5/PX1PY2PZ-2/b_X/eta0/bT0/bz4	2.6923875015858536e+09	3.3719757842211312e-01	3.6042762635601077e+09
/SS/5/PX1PY2PZ-2/b_X/eta0/bT0/bz5	1.9945362710887699e+09	4.0103950562603030e-01	1.7267899668680305e+09
/SS/5/PX1PY2PZ0/b_X/eta0/bT0/bz-1	3.8171266251891689e+09	2.3062864753256376e-01	1.6550964791354496e+10
/SS/5/PX1PY2PZ0/b_X/eta0/bT0/bz-2	2.7643282754530039e+09	2.6261591707788184e-01	1.0526126162540291e+10
/SS/5/PX1PY2PZ0/b_X/eta0/bT0/bz-3	2.3016842909762459e+09	3.7135630975249612e-01	4.7304709239070425e+09
/SS/5/PX1PY2PZ0/b_X/eta0/bT0/bz-4	1.8722389995134087e+09	1.7062291819137151e-01	8.4178024878757086e+09
/SS/5/PX1PY2PZ0/b_X/eta0/bT0/bz-5	1.7019371497032340e+09	6.1311904940611184e-01	2.7758673480326352e+09
/SS/5/PX1PY2PZ0/b_X/eta0/bT0/bz0	4.4854224928229961e+09	2.1870835605580921e-01	2.0508692825976994e+10
/SS/5/PX1PY2PZ0/b_X/eta0/bT0/bz1	4.4293163726944637e+09	2.1392102925986495e-01	2.0705380803463978e+10
/SS/5/PX1PY2PZ0/b_X/eta0/bT0/bz2	3.8935936566672459e+09	2.1640851177959566e-01	1.7991869287621792e+10
/SS/5/PX1PY2PZ0/b_X/eta0/bT0/bz3	3.2868051137079964e+09	3.4450310552687408e-01	5.1235371385088291e+09
/SS/5/PX1PY2PZ0/b_X/eta0/bT0/bz4	2.8258415476772480e+09	9.2314712425009815e-01	1.7808383666948419e+09
/SS/5/PX1PY2PZ0/b_X/eta0/bT0/bz5	2.5098018465296278e+09	7.4867719145594325e-01	7.8842900227896452e+08
/SS/5/PX2PY-1PZ-1/b_X/eta0/bT0/bz-1	3.4281539338744431e+09	1.0088619845170656e-01	1.0762760482142433e+10
/SS/5/PX2PY-1PZ-1/b_X/eta0/bT0/bz-2	2.6062735890550346e+09	9.0594863614807258e-02	2.0231742079585056e+10
/SS/5/PX2PY-1PZ-1/b_X/eta0/bT0/bz-3	1.8411156424267387e+09	1.0553236945589532e-01	1.3280526707446180e+10
/SS/5/PX2PY-1PZ-1/b_X/eta0/bT0/bz-4	1.3403576581887798e+09	1.4346548858893354e-01	7.5974116922267847e+09
/SS/5/PX2PY-1PZ-1/b_X/eta0/bT0/bz-5	1.0895937228584576e+09	2.5661150072584238e-01	3.9556683606945066e+09
/SS/5/PX2PY-1PZ-1/b_X/eta0/bT0/bz0	3.9049890574470215e+09	1.1025732775510332e-01	1.2263793189019728e+10
/SS/5/PX2PY-1PZ-1/b_X/eta0/bT0/bz1	3.8066435183654633e+09	1.1434404889721952e-01	1.2151577766900450e+10
/SS/5/PX2PY-1PZ-1/b_X/eta0/bT0/bz2	3.2897720275906754e+09	1.1546265587274479e-01	1.0447544171487585e+10
/SS/5/PX2PY-1PZ-1/b_X/eta0/bT0/bz3	2.6796587969389648e+09	1.1667383883940537e-01	7.8853307826840611e+09
/SS/5/PX2PY-1PZ-1/b_X/eta0/bT0/bz4	2.1583364549707508e+09	1.2804732243832923e-01	5.2379119853634443e+09
/SS/5/PX2PY-1PZ-1/b_X/eta0/bT0/bz5	1.7264412689720421e+09	1.6711666533331682e-01	3.0724656913406162e+09
/SS/5/PX2PY-1PZ-2/b_X/eta0/bT0/bz-1	4.1954884669746780e+09	3.7145472105522137e-01	4.9257431576360197e+09
/SS/5/PX2PY-1PZ-2/b_X/eta0/bT0/bz-2	3.3010179855330772e+09	5.3890850800262557e-01	2.6306461753435879e+09
/SS/5/PX2PY-1PZ-2/b_X/eta0/bT0/bz-3	2.3837155778698006e+09	3.3189987581707956e+00	5.1101357168287081e+08
/SS/5/PX2PY-1PZ-2/b_X/eta0/bT0/bz-4	1.6673149123129311e+09	1.2170306593288743e-01	1.6023366235373175e+09
/SS/5/PX2PY-1PZ-2/b_X/eta0/bT0/bz-5	1.1667778306581249e+09	3.9270444151084233e-01	2.3461891608254070e+09
/SS/5/PX2PY-1PZ-2/b_X/eta0/bT0/bz0	4.6261424364243317e+09	1.9228393011045522e-01	5.3968935152075243e+09
/SS/5/PX2PY-1PZ-2/b_X/eta0/bT0/bz1	4.3017561217494736e+09	2.0300800364401958e-01	5.4541067214776020e+09
/SS/5/PX2PY-1PZ-2/b_X/eta0/bT0/bz2	3.5217517968264389e+09	2.0905868291148799e-01	5.1072717143730688e+09
/SS/5/PX2PY-1PZ-2/b_X/eta0/bT0/bz3	2.7652766429832993e+09	3.2376068569689476e-01	6.2431884776361046e+09
/SS/5/PX2PY-1PZ-2/b_X/eta0/bT0/bz4	2.3221331585913596e+09	3.9387188742351142e-01	5.8956560057673826e+09
/SS/5/PX2PY-1PZ-2/b_X/eta0/bT0/bz5	2.1664991472085881e+09	4.9573386896295063e-01	4.2295034441054082e+09
/SS/5/PX2PY-1PZ0/b_X/eta0/bT0/bz-1	7.1492311156606941e+09	3.7219068467483574e-01	1.9208517058686241e+10
/SS/5/PX2PY-1PZ0/b_X/eta0/bT0/bz-2	6.1258937914730434e+09	3.5326277468995571e-01	1.7340898136944912e+10
/SS/5/PX2PY-1PZ0/b_X/eta0/bT0/bz-3	5.0160899715426693e+09	3.3847296348762845e-01	1.4819765572578777e+10
/SS/5/PX2PY-1PZ0/b_X/eta0/bT0/bz-4	4.0582384758306398e+09	3.8855551449175740e-01	1.0444423832560814e+10
/SS/5/PX2PY-1PZ0/b_X/eta0/bT0/bz-5	3.2232033725586581e+09	4.7421480296743801e-01	6.7969269461627913e+09
/SS/5/PX2PY-1PZ0/b_X/eta0/bT0/bz0	7.5534704942289410e+09	3.8590114803378484e-01	1.9573589072524994e+10
/SS/5/PX2PY-1PZ0/b_X/eta0/bT0/bz1	7.1387234742039509e+09	3.9175007504982612e-01	1.8222647368468243e+10
/SS/5/PX2PY-1PZ0/b_X/eta0/bT0/bz2	6.1383468977895756e+09	3.9268603292646037e-01	1.5631691435633833e+10
/SS/5/PX2PY-1PZ0/b_X/eta0/bT0/bz3	4.9120729919278889e+09	4.0218926313277170e-01	9.2984130605646801e+09
/SS/5/PX2PY-1PZ0/b_X/eta0/bT0/bz4	3.7037605512552977e+09	4.3412483528969559e-01	6.3957611804985628e+09
/SS/5/PX2PY-1PZ0/b_X/eta0/bT0/bz5	2.6681166224814558e+09	4.4130043073317621e-01	4.1174566908033371e+09
/SS/5/PX2PY-2PZ-1/b_X/eta0/bT0/bz-1	2.4589118769398155e+09	3.9433092585676499e-01	3.5286647545927062e+09
/SS/5/PX2PY-2PZ-1/b_X/eta0/bT0/bz-2	2.4952462949774780e+09	4.0173054241132944e-01	3.9168215443340311e+09
/SS/5/PX2PY-2PZ-1/b_X/eta0/bT0/bz-3	2.2648944652586899e+09	2.5099729320540592e-01	4.5734230000782156e+09
/SS/5/PX2PY-2PZ-1/b_X/eta0/bT0/bz-4	1.8075510281267071e+09	2.0298567434745463e-01	7.6749658333348494e+09
/SS/5/PX2PY-2PZ-1/b_X/eta0/bT0/bz-5	1.2477298277723532e+09	2.0709627279780618e-01	5.4955728606065931e+09
/SS/5/PX2PY-2PZ-1/b_X/eta0/bT0/bz0	2.3767974547913399e+09	2.8344980316235352e-01	7.1141592761836681e+09
/SS/5/PX2PY-2PZ-1/b_X/eta0/bT0/bz1	2.1371617926616859e+09	2.3356200579775175e+00	3.8420517416222882e+08
/SS/5/PX2PY-2PZ-1/b_X/eta0/bT0/bz2	1.7942886330685616e+09	3.5294683891790252e-01	3.8433546416569295e+09
/SS/5/PX2PY-2PZ-1/b_X/eta0/bT0/bz3	1.5836337537218485e+09	2.8067946513238867e-01	2.8060087718737507e+09
/SS/5/PX2PY-2PZ-1/b_X/eta0/bT0/bz4	1.5077077878156872e+09	3.7343259371727761e-01	2.4835680094882979e+09
/SS/5/PX2PY-2PZ-1/b_X/eta0/bT0/bz5	1.3187783605435367e+09	2.3823728862967780e-01	5.5355665275114841e+09
/SS/5/PX2PY-2PZ-2/b_X/eta0/bT0/bz-1	1.1313905209446373e+09	2.8554811295722760e-01	3.8607024937054605e+09
/SS/5/PX2PY-2PZ-2/b_X/eta0/bT0/bz-2	1.2456201271429729e+09	2.1738936201381376e-01	3.2634765827954607e+09
/SS/5/PX2PY-2PZ-2/b_X/eta0/bT0/bz-3	1.5154466266062374e+09	3.3122497612570673e-01	2.2710603455599594e+09
/SS/5/PX2PY-2PZ-2/b_X/eta0/bT0/bz-4	1.5997362538684921e+09	3.3018720398527707e-01	2.9090950204550872e+09
/SS/5/PX2PY-2PZ-2/b_X/eta0/bT0/bz-5	1.4978639167235537e+09	4.8061009224598444e-01	1.4135194614093752e+09
/SS/5/PX2PY-2PZ-2/b_X/eta0/bT0/bz0	1.2057891954093418e+09	2.6043465108506880e-01	1.6537743837117238e+09
/SS/5/PX2PY-2PZ-2/b_X/eta0/bT0/bz1	1.1745406450560570e+09	4.6701265820566407e-01	1.9484074986120148e+09
/SS/5/PX2PY-2PZ-2/b_X/eta0/bT0/bz2	1.0916136758618279e+09	5.5040599002163548e-01	1.9832881466622818e+09
/SS/5/PX2PY-2PZ-2/b_X/eta0/bT0/bz3	9.1861137301205826e+08	3.8773001842785521e-01	1.6689004747196014e+09
/SS/5/PX2PY-2PZ-2/b_X/eta0/bT0/bz4	6.7993251349804974e+08	3.2477676054588744e-01	4.8432978167213726e+08
/SS/5/PX2PY-2PZ-2/b_X/eta0/bT0/bz5	6.8398198847323012e+08	1.5228465854077176e+00	3.8039940128380144e+08
/SS/5/PX2PY-2PZ0/b_X/eta0/bT0/bz-1	3.1551777830180817e+09	1.9797785428801933e+00	1.0728189183969209e+09
/SS/5/PX2PY-2PZ0/b_X/eta0/bT0/bz-2	2.9733420086688786e+09	6.3304026198959018e-01	3.5575152712447987e+09
/SS/5/PX2PY-2PZ0/b_X/eta0/bT0/bz-3	2.5780989272797165e+09	7.6561517888850550e-01	2.5483966767824035e+09
/SS/5/PX2PY-2PZ0/b_X/eta0/bT0/bz-4	2.0978003183101025e+09	4.4389059014667026e-01	2.4281841729474611e+09
/SS/5/PX2PY-2PZ0/b_X/eta0/bT0/bz-5	1.5975057905067263e+09	1.9059272992583509e-01	8.3817771597497969e+09
/SS/5/PX2PY-2PZ0/b_X/eta0/bT0/bz0	2.9489380077502947e+09	1.2388616917274131e+00	1.2119397187080224e+09
/SS/5/PX2PY-2PZ0/b_X/eta0/bT0/bz1	2.8012376729713573e+09	5.4388939752347176e-01	5.1503810990367193e+09
/SS/5/PX2PY-2PZ0/b_X/eta0/bT0/bz2	2.2604001415043974e+09	4.6977369480506681e-01	4.8116788285524445e+09
/SS/5/PX2PY-2PZ0/b_X/eta0/bT0/bz3	1.6357674628948975e+09	5.9087633625956526e-01	2.0400413108771381e+09
/SS/5/PX2PY-2PZ0/b_X/eta0/bT0/bz4	1.0366860378814998e+09	5.1188686569745878e-01	1.2326381953456082e+09
/SS/5/PX2PY-2PZ0/b_X/eta0/bT0/bz5	5.5644452556292343e+08	8.0965829025641634e-01	4.4288094575372744e+08
/SS/5/PX2PY0PZ-1/b_X/eta0/bT0/bz-1	5.7327598541431131e+09	8.6788905640255221e-01	3.2102183363554964e+09
/SS/5/PX2PY0PZ-1/b_X/eta0/bT0/bz-2	4.7756364557815828e+09	1.6930907286631705e+00	1.8528674844353068e+09
/SS/5/PX2PY0PZ-1/b_X/eta0/bT0/bz-3	3.6945451837894511e+09	7.1284424092541177e-01	3.3993705499147811e+09
/SS/5/PX2PY0PZ-1/b_X/eta0/bT0/bz-4	2.7195659403562393e+09	7.3568600061766920e-01	3.6966395147833982e+09
/SS/5/PX2PY0PZ-1/b_X/eta0/bT0/bz-5	2.0672109651632395e+09	7.1484805027999598e-01	2.5873863236546311e+09
/SS/5/PX2PY0PZ-1/b_X/eta0/bT0/bz0	6.9101450225763626e+09	1.8161261901494909e+00	1.4760104285213091e+09
/SS/5/PX2PY0PZ-1/b_X/eta0/bT0/bz1	6.9510818435594263e+09	7.6443324180692851e-01	7.8649407039003658e+09
/SS/5/PX2PY0PZ-1/b_X/eta0/bT0/bz2	6.1582203180282431e+09	6.6290353510991451e-01	7.9440435029991713e+09
/SS/5/PX2PY0PZ-1/b_X/eta0/bT0/bz3	5.0375724928812141e+09	6.6605450879101868e-01	7.2046416008149672e+09
/SS/5/PX2PY0PZ-1/b_X/eta0/bT0/bz4	3.8904243686907625e+09	7.1642913251390350e-01	5.2952627951385412e+09
/SS/5/PX2PY0PZ-1/b_X/eta0/bT0/bz5	2.7943501112726393e+09	7.8873714781044857e-01	1.4139043045320144e+09
/SS/5/PX2PY0PZ-2/b_X/eta0/bT0/bz-1	3.7230989830556793e+09	1.7052426321450131e-01	7.4979177432130022e+09
/SS/5/PX2PY0PZ-2/b_X/eta0/bT0/bz-2	3.0456338268083763e+09	1.1293107334012431e+00	1.1482875803182065e+09
/SS/5/PX2PY0PZ-2/b_X/eta0/bT0/bz-3	2.3956071025824757e+09	5.9542762073720068e-01	1.8128866513120160e+09
/SS/5/PX2PY0PZ-2/b_X/eta0/bT0/bz-4	1.8801614143843269e+09	4.2142491889053030e-01	1.9665125421330256e+09
/SS/5/PX2PY0PZ-2/b_X/eta0/bT0/bz-5	1.4755097232620020e+09	1.8691261507112505e-01	7.8941152404321804e+09
/SS/5/PX2PY0PZ-2/b_X/eta0/bT0/bz0	4.1367745007256279e+09	1.5764863882014746e-01	7.7944969848456955e+09
/SS/5/PX2PY0PZ-2/b_X/eta0/bT0/bz1	4.0065544837984314e+09	1.3081573564443680e-01	7.7892229775141096e+09
/SS/5/PX2PY0PZ-2/b_X/eta0/bT0/bz2	3.4247434571482162e+09	1.7013212959802446e-01	9.5393817663747234e+09
/SS/5/PX2PY0PZ-2/b_X/eta0/bT0/bz3	2.6537592975538692e+09	2.2321519857745012e-01	8.7979593020992107e+09
/SS/5/PX2PY0PZ-2/b_X/eta0/bT0/bz4	2.0168617448169184e+09	2.5676078172707434e-01	7.8550226060643311e+09
/SS/5/PX2PY0PZ-2/b_X/eta0/bT0/bz5	1.8952352960536251e+09	3.5252218576020067e-01	3.2240651451284924e+09
/SS/5/PX2PY0PZ0/b_X/eta0/bT0/bz-1	5.5273205203682747e+09	1.6513453550820403e-01	2.9295920693190273e+10
/SS/5/PX2PY0PZ0/b_X/eta0/bT0/bz-2	4.7681193648838425e+09	1.5895993624151977e-01	2.3969814490525261e+10
/SS/5/PX2PY0PZ0/b_X/eta0/bT0/bz-3	3.8511933350322685e+09	1.5503211366972466e-01	2.4841261877114857e+10
/SS/5/PX2PY0PZ0/b_X/eta0/bT0/bz-4	2.9764152789083385e+09	1.5604695405144189e-01	1.9073844132370209e+10
/SS/5/PX2PY0PZ0/b_X/eta0/bT0/bz-5	2.2353319507188625e+09	1.5786525713981681e-01	1.4159746046839756e+10
/SS/5/PX2PY0PZ0/b_X/eta0/bT0/bz0	5.7771014286686134e+09	1.7234452484471563e-01	3.1672688487020054e+10
/SS/5/PX2PY0PZ0/b_X/eta0/bT0/bz1	5.3856382485481987e+09	1.8136171989108885e-01	2.9695562281733856e+10
/SS/5/PX2PY0PZ0/b_X/eta0/bT0/bz2	4.7888510617560387e+09	1.9400168538557219e-01	2.4684584838726269e+10
/SS/5/PX2PY0PZ0/b_X/eta0/bT0/bz3	4.0024951688394890e+09	2.1160641099820876e-01	1.8914810519958065e+10
/SS/5/PX2PY0PZ0/b_X/eta0/bT0/bz4	3.2238004957231121e+09	2.3848573365731765e-01	1.2412765387827852e+10
/SS/5/PX2PY0PZ0/b_X/eta0/bT0/bz5	2.5079460022024069e+09	3.1942271203746719e-01	6.6828700715685320e+09
/SS/5/PX2PY1PZ-1/b_X/eta0/bT0/bz-1	5.1748676564224701e+09	7.1334484354693273e-01	2.9406339634281673e+09
/SS/5/PX2PY1PZ-1/b_X/eta0/bT0/bz-2	4.0795451362388344e+09	6.8540490070395377e-01	2.6072444537941408e+09
/SS/5/PX2PY1PZ-1/b_X/eta0/bT0/bz-3	2.9676374853853321e+09	5.8282115872850149e-01	2.0485322389222524e+09
/SS/5/PX2PY1PZ-1/b_X/eta0/bT0/bz-4	2.0917918674713669e+09	2.0303295626761117e-01	1.7629390202970057e+09
/SS/5/PX2PY1PZ-1/b_X/eta0/bT0/bz-5	1.4951996243151188e+09	1.9331318286070054e-01	3.5856043185445728e+09
/SS/5/PX2PY1PZ-1/b_X/eta0/bT0/bz0	5.7754971684133873e+09	8.4696576620502084e-01	2.9137216586314988e+09
/SS/5/PX2PY1PZ-1/b_X/eta0/bT0/bz1	5.5285619839220848e+09	8.6337250998307380e-01	2.9407481769652267e+09
/SS/5/PX2PY1PZ-1/b_X/eta0/bT0/bz2	4.6711270484340019e+09	6.4257161688162057e-01	3.1548407241156030e+09
/SS/5/PX2PY1PZ-1/b_X/eta0/bT0/bz3	3.6210556914256783e+09	5.5055240386976156e-01	3.1894055243937030e+09
/SS/5/PX2PY1PZ-1/b_X/eta0/bT0/bz4	2.6251011133699455e+09	5.1993110000346154e-01	2.9668012725225663e+09
/SS/5/PX2PY1PZ-1/b_X/eta0/bT0/bz5	2.0585403609310226e+09	5.0740612634321403e-01	2.5485003533363042e+09
/SS/5/PX2PY1PZ-2/b_X/eta0/bT0/bz-1	2.3429666739435444e+09	3.1758502636749047e-01	5.2726610655218916e+09
/SS/5/PX2PY1PZ-2/b_X/eta0/bT0/bz-2	1.6696145096212759e+09	1.8963430511046975e-01	8.8043906857920933e+09
/SS/5/PX2PY1PZ-2/b_X/eta0/bT0/bz-3	1.0087025750093694e+09	2.0765902812945275e-01	4.8574944421898832e+09
/SS/5/PX2PY1PZ-2/b_X/eta0/bT0/bz-4	1.1533372839666286e+09	1.5171554526208793e+00	2.4220513222813278e+08
/SS/5/PX2PY1PZ-2/b_X/eta0/bT0/bz-5	1.0768831652614841e+09	1.3247100946652635e+00	8.1291987552461290e+08
/SS/5/PX2PY1PZ-2/b_X/eta0/bT0/bz0	2.6772721531682281e+09	4.8031469814331096e-01	4.5790747808475103e+09
/SS/5/PX2PY1PZ-2/b_X/eta0/bT0/bz1	2.6362871439104481e+09	5.7985380835662592e-01	3.8220075081416435e+09
/SS/5/PX2PY1PZ-2/b_X/eta0/bT0/bz2	2.3056447070809803e+09	5.0916197369225080e-01	3.2685540792036319e+09
/SS/5/PX2PY1PZ-2/b_X/eta0/bT0/bz3	1.8399673933679247e+09	4.0991779489512253e-01	1.2442575563154485e+09
/SS/5/PX2PY1PZ-2/b_X/eta0/bT0/bz4	1.7965366914234200e+09	2.7771783170279879e-01	3.3633274094421468e+09
/SS/5/PX2PY1PZ-2/b_X/eta0/bT0/bz5	1.8956755729265385e+09	6.1602136552337594e-01	4.9682762971318901e+08
/SS/5/PX2PY1PZ0/b_X/eta0/bT0/bz-1	2.3973914680516825e+09	4.0946689476751236e-01	3.0078585528476954e+09
/SS/5/PX2PY1PZ0/b_X/eta0/bT0/bz-2	2.2015683627146258e+09	4.0228477348307723e-01	5.4726614275079899e+09
/SS/5/PX2PY1PZ0/b_X/eta0/bT0/bz-3	1.9469187200431476e+09	5.1119453606621901e-01	2.6775251557631183e+09
/SS/5/PX2PY1PZ0/b_X/eta0/bT0/bz-4	1.6541958495768008e+09	5.0963160926996698e-01	3.2458658754436173e+09
/SS/5/PX2PY1PZ0/b_X/eta0/bT0/bz-5	1.3961561934318066e+09	5.0392318966638150e-01	2.7241107841336236e+09
/SS/5/PX2PY1PZ0/b_X/eta0/bT0/bz0	2.4873686439730597e+09	5.7138945919452933e-01	3.8061299308699412e+09
/SS/5/PX2PY1PZ0/b_X/eta0/bT0/bz1	2.8157510858320351e+09	6.6235306225845292e-01	4.2511331890443006e+09
/SS/5/PX2PY1PZ0/b_X/eta0/bT0/bz2	2.9861219026260390e+09	7.3565701355996105e-01	4.0591224546011209e+09
/SS/5/PX2PY1PZ0/b_X/eta0/bT0/bz3	2.5128225843854666e+09	1.1118554146694910e+00	1.4049296576467123e+09
/SS/5/PX2PY1PZ0/b_X/eta0/bT0/bz4	1.3939425885103474e+09	2.1413182040961725e+00	5.4456801638169622e+08
/SS/5/PX2PY1PZ0/b_X/eta0/bT0/bz5	8.5296315840014839e+08	4.4557442532912406e-01	1.8236478370948896e+09
/SS/5/PX2PY2PZ-1/b_X/eta0/bT0/bz-1	4.6124150447793598e+09	6.0151281238286336e-01	7.6680246036780252e+09
/SS/5/PX2PY2PZ-1/b_X/eta0/bT0/bz-2	3.6184656739643159e+09	7.8925705007874025e-01	3.9685465415719118e+09
/SS/5/PX2PY2PZ-1/b_X/eta0/bT0/bz-3	2.5751898295924764e+09	9.2515245276124347e-01	2.7746435466909866e+09
/SS/5/PX2PY2PZ-1/b_X/eta0/bT0/bz-4	1.9756055094133730e+09	1.3660934145728414e+00	1.4461716075478759e+09
/SS/5/PX2PY2PZ-1/b_X/eta0/bT0/bz-5	1.1667962948961549e+09	6.8528970299861014e-01	6.2572920068357730e+08
/SS/5/PX2PY2PZ-1/b_X/eta0/bT0/bz0	4.8013793322149849e+09	6.3682796459163227e-01	7.5395233864987116e+09
/SS/5/PX2PY2PZ-1/b_X/eta0/bT0/bz1	3.6896483360750666e+09	5.4932023504362926e-01	6.7167529988805523e+09
/SS/5/PX2PY2PZ-1/b_X/eta0/bT0/bz2	2.3811882831162176e+09	4.3001368900815790e-01	5.1022203450776100e+09
/SS/5/PX2PY2PZ-1/b_X/eta0/bT0/bz3	2.1899984254926138e+09	3.8303352189161932e-01	5.7175111323866882e+09
/SS/5/PX2PY2PZ-1/b_X/eta0/bT0/bz4	1.7762625810820394e+09	4.9725017391380166e-01	1.5736900842302969e+09
/SS/5/PX2PY2PZ-1/b_X/eta0/bT0/bz5	1.3742218406047721e+09	3.8914734805444251e-01	3.5313663255711451e+09
/SS/5/PX2PY2PZ-2/b_X/eta0/bT0/bz-1	3.0429810725070076e+09	5.3306751960005272e-01	3.8736207294085140e+09
/SS/5/PX2PY2PZ-2/b_X/eta0/bT0/bz-2	2.7935286969057446e+09	6.3390682049100755e-01	2.4918706180932517e+09
/SS/5/PX2PY2PZ-2/b_X/eta0/bT0/bz-3	2.6281133458017044e+09	5.7597792343790477e-01	1.5731304032904890e+09
/SS/5/PX2PY2PZ-2/b_X/eta0/bT0/bz-4	2.3677669751664906e+09	3.5943749524273316e-01	1.2638427396453846e+09
/SS/5/PX2PY2PZ-2/b_X/eta0/bT0/bz-5	2.0032569029363308e+09	2.5853548220228439e-01	1.3034143681952858e+09
/SS/5/PX2PY2PZ-2/b_X/eta0/bT0/bz0	3.2823739437072611e+09	4.2329997717513734e-01	5.0711837063656521e+09
/SS/5/PX2PY2PZ-2/b_X/eta0/bT0/bz1	2.9697980175748606e+09	3.3074807583410309e-01	5.3885333379976273e+09
/SS/5/PX2PY2PZ-2/b_X/eta0/bT0/bz2	2.3758420700376949e+09	3.0814617548995404e-01	7.7101137674679670e+09
/SS/5/PX2PY2PZ-2/b_X/eta0/bT0/bz3	1.9329806580418453e+09	3.1441970817001441e-01	5.0804023313170605e+09
/SS/5/PX2PY2PZ-2/b_X/eta0/bT0/bz4	1.6166461661531010e+09	3.8908947310291447e-01	3.7780462286553659e+09
/SS/5/PX2PY2PZ-2/b_X/eta0/bT0/bz5	1.3910612806099296e+09	4.6812005750594882e-01	2.9715908521869993e+09
/SS/5/PX2PY2PZ0/b_X/eta0/bT0/bz-1	2.4382983145267658e+09	2.1431931515304836e-01	9.5046859688819427e+09
/SS/5/PX2PY2PZ0/b_X/eta0/bT0/bz-2	1.8694771631105385e+09	2.3600415262454116e-01	7.2814413838943186e+09
/SS/5/PX2PY2PZ0/b_X/eta0/bT0/bz-3	1.3961360754900379e+09	2.9833918272328169e-01	4.6796939736373644e+09
/SS/5/PX2PY2PZ0/b_X/eta0/bT0/bz-4	1.0779773873808222e+09	4.5172969937825108e-01	2.3863327756942306e+09
/SS/5/PX2PY2PZ0/b_X/eta0/bT0/bz-5	7.3674364302255630e+08	1.7389204037919970e-01	1.5607024645630496e+09
/SS/5/PX2PY2PZ0/b_X/eta0/bT0/bz0	2.7985074145423412e+09	2.2087742204063768e-01	1.1264744428986336e+10
/SS/5/PX2PY2PZ0/b_X/eta0/bT0/bz1	2.7634944779798527e+09	2.6043790654585619e-01	4.6240153559910021e+09
/SS/5/PX2PY2PZ0/b_X/eta0/bT0/bz2	2.4220519185330906e+09	3.6150127181746788e-01	3.8884514293036571e+09
/SS/5/PX2PY2PZ0/b_X/eta0/bT0/bz3	1.9720766310338564e+09	4.8178399042867404e-01	3.2580581446524749e+09
/SS/5/PX2PY2PZ0/b_X/eta0/bT0/bz4	1.5699495159155769e+09	4.9237183150297464e-01	2.9900751303012252e+09
/SS/5/PX2PY2PZ0/b_X/eta0/bT0/bz5	1.1799884093648777e+09	6.1532430430113005e-01	1.4988127217602298e+09
