# file_a: data/qTMD/S32T48_pyquda_frontier.qTMD.300.GI_PDF.D.ex.x19y23z25t35.1HYP_GSRC_W90_k3_T5.PX0PY0PZ9dt10.PpUnpol.5.h5
# file_b: data/qTMD/S32T48_pycontract_frontier.qTMD.300.GI_PDF.D.ex.x19y23z25t35.1HYP_GSRC_W90_k3_T5.PX0PY0PZ9dt10.PpUnpol.5.h5
# dataset_path	abs_diff=max(abs(abs(a)-abs(b)))	rel_diff=max(abs(abs(a)-abs(b))/abs(a))	abs(a)_at_max_rel
/SS/5/PX-1PY-1PZ-1/b_X/eta0/bT0/bz-1	7.0236015319824219e-01	1.0488739635273261e-10	2.5359146869953923e+09
/SS/5/PX-1PY-1PZ-1/b_X/eta0/bT0/bz-2	6.6809844970703125e-01	7.2286501978643463e-11	7.1640779463440437e+09
/SS/5/PX-1PY-1PZ-1/b_X/eta0/bT0/bz-3	5.9593200683593750e-01	1.1763107550062319e-10	2.1607177838083167e+09
/SS/5/PX-1PY-1PZ-1/b_X/eta0/bT0/bz-4	5.1250839233398438e-01	1.7530747834386644e-10	2.2394723175581384e+09
/SS/5/PX-1PY-1PZ-1/b_X/eta0/bT0/bz-5	4.6741485595703125e-01	1.5612109511641664e-10	2.4178333143871312e+09
/SS/5/PX-1PY-1PZ-1/b_X/eta0/bT0/bz0	7.0716667175292969e-01	2.0494809858161545e-10	1.7805688120754480e+09
/SS/5/PX-1PY-1PZ-1/b_X/eta0/bT0/bz1	6.9309407472610474e-01	2.5067556664500436e-09	2.7649047890959150e+08
/SS/5/PX-1PY-1PZ-1/b_X/eta0/bT0/bz2	6.1979222297668457e-01	4.4247788021797307e-10	1.4007304109108529e+09
/SS/5/PX-1PY-1PZ-1/b_X/eta0/bT0/bz3	4.5583987236022949e-01	2.2404764141326783e-10	2.0345667086019821e+09
/SS/5/PX-1PY-1PZ-1/b_X/eta0/bT0/bz4	3.4515380859375000e-01	1.6187735831316482e-10	1.9670516539810090e+09
/SS/5/PX-1PY-1PZ-1/b_X/eta0/bT0/bz5	2.8566932678222656e-01	1.1599026903378570e-10	1.5922065137184148e+09
/SS/5/PX-1PY-1PZ-2/b_X/eta0/bT0/bz-1	1.2045059204101562e+00	6.9543012936509210e-11	6.1732309037439089e+09
/SS/5/PX-1PY-1PZ-2/b_X/eta0/bT0/bz-2	9.4060897827148438e-01	8.3048552599119477e-11	5.5030206337926693e+09
/SS/5/PX-1PY-1PZ-2/b_X/eta0/bT0/bz-3	6.7863082885742188e-01	9.0928601194326055e-11	4.6262673503785038e+09
/SS/5/PX-1PY-1PZ-2/b_X/eta0/bT0/bz-4	4.7687721252441406e-01	9.9907225596897370e-11	3.4730612078743305e+09
/SS/5/PX-1PY-1PZ-2/b_X/eta0/bT0/bz-5	4.2026519775390625e-01	1.2047333704649849e-10	2.1630716556954393e+09
/SS/5/PX-1PY-1PZ-2/b_X/eta0/bT0/bz0	1.3654136657714844e+00	7.1945095154121468e-11	1.5679819279845192e+10
/SS/5/PX-1PY-1PZ-2/b_X/eta0/bT0/bz1	1.3312454223632812e+00	7.5468586103364758e-11	1.4723253336967936e+10
/SS/5/PX-1PY-1PZ-2/b_X/eta0/bT0/bz2	1.1355934143066406e+00	7.9215163070922303e-11	1.2248203707045599e+10
/SS/5/PX-1PY-1PZ-2/b_X/eta0/bT0/bz3	8.8047409057617188e-01	8.3036708581770359e-11	9.1704060099038124e+09
/SS/5/PX-1PY-1PZ-2/b_X/eta0/bT0/bz4	6.7414093017578125e-01	8.8142526240739611e-11	6.0758154158626347e+09
/SS/5/PX-1PY-1PZ-2/b_X/eta0/bT0/bz5	5.3526878356933594e-01	1.0819552691819951e-10	3.6426488252048216e+09
/SS/5/PX-1PY-1PZ0/b_X/eta0/bT0/bz-1	1.2925643920898438e+00	1.5905099185268522e-10	7.8903540843734083e+09
/SS/5/PX-1PY-1PZ0/b_X/eta0/bT0/bz-2	1.1146278381347656e+00	1.6538605379718738e-10	6.3867199791695099e+09
/SS/5/PX-1PY-1PZ0/b_X/eta0/bT0/bz-3	8.9903640747070312e-01	1.6668750030572970e-10	4.8244720816760168e+09
/SS/5/PX-1PY-1PZ0/b_X/eta0/bT0/bz-4	6.9596099853515625e-01	1.5239694945462749e-10	3.6632997026078377e+09
/SS/5/PX-1PY-1PZ0/b_X/eta0/bT0/bz-5	5.2948570251464844e-01	1.1209221721592644e-10	3.1020985086207237e+09
/SS/5/PX-1PY-1PZ0/b_X/eta0/bT0/bz0	1.3634643554687500e+00	1.5290831174694588e-10	8.5006493854970217e+09
/SS/5/PX-1PY-1PZ0/b_X/eta0/bT0/bz1	1.2527313232421875e+00	1.5491557243100083e-10	7.4666300818117285e+09
/SS/5/PX-1PY-1PZ0/b_X/eta0/bT0/bz2	1.0403289794921875e+00	1.7671647886531295e-10	5.2324584684447193e+09
/SS/5/PX-1PY-1PZ0/b_X/eta0/bT0/bz3	8.1581497192382812e-01	2.6554737169656263e-10	2.6797076990405583e+09
/SS/5/PX-1PY-1PZ0/b_X/eta0/bT0/bz4	6.3239860534667969e-01	8.4797747675252195e-10	5.4102225405400872e+08
/SS/5/PX-1PY-1PZ0/b_X/eta0/bT0/bz5	5.0971221923828125e-01	2.8172802339312252e-10	1.3060729605818172e+09
/SS/5/PX-1PY-2PZ-1/b_X/eta0/bT0/bz-1	9.6028137207031250e-01	2.8406902736518098e-10	2.0707933502107499e+09
/SS/5/PX-1PY-2PZ-1/b_X/eta0/bT0/bz-2	8.9608764648437500e-01	3.4957561669730772e-10	1.2687106101699312e+09
/SS/5/PX-1PY-2PZ-1/b_X/eta0/bT0/bz-3	7.9869079589843750e-01	2.7193664649449021e-10	1.3582451537665398e+09
/SS/5/PX-1PY-2PZ-1/b_X/eta0/bT0/bz-4	6.9894027709960938e-01	2.7778709350110679e-09	1.8331975906979617e+08
/SS/5/PX-1PY-2PZ-1/b_X/eta0/bT0/bz-5	5.9391117095947266e-01	2.6281104174701329e-10	9.3272587224735594e+08
/SS/5/PX-1PY-2PZ-1/b_X/eta0/bT0/bz0	9.2835235595703125e-01	3.2864996826741103e-10	1.8897661251766779e+09
/SS/5/PX-1PY-2PZ-1/b_X/eta0/bT0/bz1	7.7557754516601562e-01	6.2372329040648696e-11	9.9785439248035660e+09
/SS/5/PX-1PY-2PZ-1/b_X/eta0/bT0/bz2	5.7391738891601562e-01	1.3129578148675421e-10	2.9360166672384138e+09
/SS/5/PX-1PY-2PZ-1/b_X/eta0/bT0/bz3	5.4468727111816406e-01	1.8355583194270602e-10	1.4667322931786795e+09
/SS/5/PX-1PY-2PZ-1/b_X/eta0/bT0/bz4	5.4184722900390625e-01	3.2164873456540641e-10	8.7392964926007140e+08
/SS/5/PX-1PY-2PZ-1/b_X/eta0/bT0/bz5	4.8689746856689453e-01	9.0172459577482717e-10	3.2096116652912050e+08
/SS/5/PX-1PY-2PZ-2/b_X/eta0/bT0/bz-1	5.4786872863769531e-01	5.8185457421079266e-11	9.4159048140303001e+09
/SS/5/PX-1PY-2PZ-2/b_X/eta0/bT0/bz-2	4.5233726501464844e-01	7.2419417161479369e-11	6.2460771260563431e+09
/SS/5/PX-1PY-2PZ-2/b_X/eta0/bT0/bz-3	3.5417747497558594e-01	1.1443172824978667e-10	3.0950985394756217e+09
/SS/5/PX-1PY-2PZ-2/b_X/eta0/bT0/bz-4	3.0907845497131348e-01	3.9504480298754656e-10	7.8238835857070339e+08
/SS/5/PX-1PY-2PZ-2/b_X/eta0/bT0/bz-5	1.2977194786071777e-01	2.6400796073400059e-10	4.9154558635248357e+08
/SS/5/PX-1PY-2PZ-2/b_X/eta0/bT0/bz0	5.7655715942382812e-01	4.9715623051894795e-11	1.1597102158852537e+10
/SS/5/PX-1PY-2PZ-2/b_X/eta0/bT0/bz1	5.0143432617187500e-01	4.2475700603659794e-11	1.1805204364979218e+10
/SS/5/PX-1PY-2PZ-2/b_X/eta0/bT0/bz2	4.3222427368164062e-01	3.6656950452239108e-11	1.1791059222037363e+10
/SS/5/PX-1PY-2PZ-2/b_X/eta0/bT0/bz3	3.9451789855957031e-01	4.1521097830050957e-11	9.5016249371430969e+09
/SS/5/PX-1PY-2PZ-2/b_X/eta0/bT0/bz4	3.5013198852539062e-01	4.5814142507850647e-11	7.6424433452048674e+09
/SS/5/PX-1PY-2PZ-2/b_X/eta0/bT0/bz5	3.0888271331787109e-01	6.1360149822414318e-11	4.1066489730178866e+09
/SS/5/PX-1PY-2PZ0/b_X/eta0/bT0/bz-1	7.0432090759277344e-01	5.5547683247205186e-11	1.2679573051828592e+10
/SS/5/PX-1PY-2PZ0/b_X/eta0/bT0/bz-2	6.0623931884765625e-01	6.0322046357160158e-11	1.0050045637679140e+10
/SS/5/PX-1PY-2PZ0/b_X/eta0/bT0/bz-3	4.9140357971191406e-01	7.1110219649456843e-11	6.9104494703338680e+09
/SS/5/PX-1PY-2PZ0/b_X/eta0/bT0/bz-4	3.6084604263305664e-01	8.7166784107516121e-11	4.1397195769889832e+09
/SS/5/PX-1PY-2PZ0/b_X/eta0/bT0/bz-5	3.4995079040527344e-01	8.8597630499276768e-11	2.2026106424299927e+09
/SS/5/PX-1PY-2PZ0/b_X/eta0/bT0/bz0	7.6527786254882812e-01	5.5483125799217591e-11	1.3736811758604277e+10
/SS/5/PX-1PY-2PZ0/b_X/eta0/bT0/bz1	8.1713867187500000e-01	5.6636088981071512e-11	1.3037513656992035e+10
/SS/5/PX-1PY-2PZ0/b_X/eta0/bT0/bz2	7.8670501708984375e-01	6.3664027857506522e-11	3.2446693196806078e+09
/SS/5/PX-1PY-2PZ0/b_X/eta0/bT0/bz3	7.0369720458984375e-01	7.7454385988962192e-11	2.5542680065853453e+09
/SS/5/PX-1PY-2PZ0/b_X/eta0/bT0/bz4	6.0522460937500000e-01	7.2080221835356236e-11	2.0825805405847747e+09
/SS/5/PX-1PY-2PZ0/b_X/eta0/bT0/bz5	5.1218223571777344e-01	6.4801167379835864e-11	1.5958966514871061e+09
/SS/5/PX-1PY0PZ-1/b_X/eta0/bT0/bz-1	1.8283119201660156e+00	2.9297817546410420e-10	1.5569966201538110e+09
/SS/5/PX-1PY0PZ-1/b_X/eta0/bT0/bz-2	1.6164550781250000e+00	8.5044599822055621e-10	5.2776476515684384e+08
/SS/5/PX-1PY0PZ-1/b_X/eta0/bT0/bz-3	1.3328666687011719e+00	1.6110388156845811e-10	4.5162228065917196e+09
/SS/5/PX-1PY0PZ-1/b_X/eta0/bT0/bz-4	1.0425758361816406e+00	2.2339798030709147e-10	2.8391640542162871e+09
/SS/5/PX-1PY0PZ-1/b_X/eta0/bT0/bz-5	7.8146934509277344e-01	3.5075047419965189e-10	1.6170379245868435e+09
/SS/5/PX-1PY0PZ-1/b_X/eta0/bT0/bz0	1.8741302490234375e+00	1.3523732680170504e-10	7.2318135415428114e+09
/SS/5/PX-1PY0PZ-1/b_X/eta0/bT0/bz1	1.6956901550292969e+00	1.6082002012980990e-10	5.9591413253879576e+09
/SS/5/PX-1PY0PZ-1/b_X/eta0/bT0/bz2	1.3634719848632812e+00	1.9421902116063641e-10	4.4653857026377068e+09
/SS/5/PX-1PY0PZ-1/b_X/eta0/bT0/bz3	9.8892974853515625e-01	2.0877087951403386e-10	3.3817974695762486e+09
/SS/5/PX-1PY0PZ-1/b_X/eta0/bT0/bz4	6.4754867553710938e-01	1.8509497166216944e-10	2.7497841228415146e+09
/SS/5/PX-1PY0PZ-1/b_X/eta0/bT0/bz5	4.4771003723144531e-01	1.5278480834704843e-10	2.2804039681093483e+09
/SS/5/PX-1PY0PZ-2/b_X/eta0/bT0/bz-1	9.9568557739257812e-01	6.4747336543665565e-11	1.1280892061886801e+10
/SS/5/PX-1PY0PZ-2/b_X/eta0/bT0/bz-2	7.5994110107421875e-01	7.4775864371113098e-11	7.5129409246702566e+09
/SS/5/PX-1PY0PZ-2/b_X/eta0/bT0/bz-3	5.4204368591308594e-01	8.2610040641586095e-11	4.6727709656048651e+09
/SS/5/PX-1PY0PZ-2/b_X/eta0/bT0/bz-4	3.6078071594238281e-01	6.9210197457361554e-11	3.3670628916933165e+09
/SS/5/PX-1PY0PZ-2/b_X/eta0/bT0/bz-5	2.2463703155517578e-01	5.3383402566903212e-11	2.7438809112291169e+09
/SS/5/PX-1PY0PZ-2/b_X/eta0/bT0/bz0	1.1090240478515625e+00	5.8937412772940814e-11	1.4415289003776936e+10
/SS/5/PX-1PY0PZ-2/b_X/eta0/bT0/bz1	1.0516815185546875e+00	5.5739333079852406e-11	1.5677402529626663e+10
/SS/5/PX-1PY0PZ-2/b_X/eta0/bT0/bz2	8.7610626220703125e-01	5.3120331275084054e-11	1.5010869390235489e+10
/SS/5/PX-1PY0PZ-2/b_X/eta0/bT0/bz3	6.6718673706054688e-01	5.8476685245244673e-11	1.1347965126693951e+10
/SS/5/PX-1PY0PZ-2/b_X/eta0/bT0/bz4	4.9077415466308594e-01	6.7448911740857370e-11	2.6590904980650411e+09
/SS/5/PX-1PY0PZ-2/b_X/eta0/bT0/bz5	3.3042716979980469e-01	1.2019671265077863e-10	1.6135448381732857e+09
/SS/5/PX-1PY0PZ0/b_X/eta0/bT0/bz-1	2.3386306762695312e+00	1.0048442594294113e-10	2.3273563582853073e+10
/SS/5/PX-1PY0PZ0/b_X/eta0/bT0/bz-2	1.9970207214355469e+00	9.6714895807243992e-11	2.0618083269414299e+10
/SS/5/PX-1PY0PZ0/b_X/eta0/bT0/bz-3	1.6233940124511719e+00	8.8964838745715636e-11	1.7547767864122467e+10
/SS/5/PX-1PY0PZ0/b_X/eta0/bT0/bz-4	1.2564468383789062e+00	8.4317543392607574e-11	1.4901369131789288e+10
/SS/5/PX-1PY0PZ0/b_X/eta0/bT0/bz-5	9.3432807922363281e-01	8.1094058944935206e-11	1.1521535503088627e+10
/SS/5/PX-1PY0PZ0/b_X/eta0/bT0/bz0	2.4482498168945312e+00	1.0054685129830182e-10	2.4349343468062244e+10
/SS/5/PX-1PY0PZ0/b_X/eta0/bT0/bz1	2.3492050170898438e+00	9.7908273447637932e-11	2.3021369538813889e+10
/SS/5/PX-1PY0PZ0/b_X/eta0/bT0/bz2	2.0594100952148438e+00	9.2906064608203178e-11	2.0060795160248749e+10
/SS/5/PX-1PY0PZ0/b_X/eta0/bT0/bz3	1.6891212463378906e+00	1.0667033061233014e-10	4.1276080194492235e+09
/SS/5/PX-1PY0PZ0/b_X/eta0/bT0/bz4	1.3347187042236328e+00	1.9133337720970637e-10	3.1683952761662555e+09
/SS/5/PX-1PY0PZ0/b_X/eta0/bT0/bz5	1.0475406646728516e+00	2.1342926525688716e-10	2.8600721055709705e+09
/SS/5/PX-1PY1PZ-1/b_X/eta0/bT0/bz-1	9.9952697753906250e-01	5.7528870398266373e-11	1.2287670926846020e+10
/SS/5/PX-1PY1PZ-1/b_X/eta0/bT0/bz-2	7.6903915405273438e-01	6.7865607032188943e-11	2.6310018096120501e+09
/SS/5/PX-1PY1PZ-1/b_X/eta0/bT0/bz-3	5.3811264038085938e-01	5.1210121093742507e-11	3.4403333189107742e+09
/SS/5/PX-1PY1PZ-1/b_X/eta0/bT0/bz-4	3.4731292724609375e-01	5.4505116281186658e-11	6.2545889289380836e+09
/SS/5/PX-1PY1PZ-1/b_X/eta0/bT0/bz-5	2.9440307617187500e-01	1.3318932216360205e-10	2.0069866300124745e+09
/SS/5/PX-1PY1PZ-1/b_X/eta0/bT0/bz0	1.1331787109375000e+00	5.9192295659150909e-11	8.3685502177999897e+09
/SS/5/PX-1PY1PZ-1/b_X/eta0/bT0/bz1	1.0972557067871094e+00	5.1194057443709015e-11	1.1118227246052856e+10
/SS/5/PX-1PY1PZ-1/b_X/eta0/bT0/bz2	9.4547271728515625e-01	4.5270944957970202e-11	1.1890113468208368e+10
/SS/5/PX-1PY1PZ-1/b_X/eta0/bT0/bz3	7.6731491088867188e-01	4.8745247356344660e-11	1.1343041994952869e+10
/SS/5/PX-1PY1PZ-1/b_X/eta0/bT0/bz4	6.0890388488769531e-01	6.1254014273701294e-11	7.3782931388421192e+09
/SS/5/PX-1PY1PZ-1/b_X/eta0/bT0/bz5	4.8270225524902344e-01	1.0969514946907297e-10	2.2045021824717193e+09
/SS/5/PX-1PY1PZ-2/b_X/eta0/bT0/bz-1	1.2446289062500000e+00	7.9308609073661623e-11	8.6317516830083847e+09
/SS/5/PX-1PY1PZ-2/b_X/eta0/bT0/bz-2	1.0317001342773438e+00	8.3305472233150864e-11	6.3315579205910807e+09
/SS/5/PX-1PY1PZ-2/b_X/eta0/bT0/bz-3	7.8562164306640625e-01	9.4564361132788736e-11	3.7111710462482481e+09
/SS/5/PX-1PY1PZ-2/b_X/eta0/bT0/bz-4	5.5519676208496094e-01	1.0192737136857501e-10	1.2994907870182614e+09
/SS/5/PX-1PY1PZ-2/b_X/eta0/bT0/bz-5	3.6499595642089844e-01	1.9604778068683272e-10	1.1268248080350342e+09
/SS/5/PX-1PY1PZ-2/b_X/eta0/bT0/bz0	1.3228034973144531e+00	7.4736726768027223e-11	1.0084788344883209e+10
/SS/5/PX-1PY1PZ-2/b_X/eta0/bT0/bz1	1.2116889953613281e+00	6.7577194402156353e-11	1.0381651497614408e+10
/SS/5/PX-1PY1PZ-2/b_X/eta0/bT0/bz2	9.9724578857421875e-01	6.7631797396699782e-11	4.4966882711039991e+09
/SS/5/PX-1PY1PZ-2/b_X/eta0/bT0/bz3	7.8828811645507812e-01	6.7528350010217363e-11	2.8490392361516280e+09
/SS/5/PX-1PY1PZ-2/b_X/eta0/bT0/bz4	6.2067794799804688e-01	4.8167700787240265e-11	1.2059121121540522e+10
/SS/5/PX-1PY1PZ-2/b_X/eta0/bT0/bz5	4.8917007446289062e-01	5.3896505813193416e-11	7.5609688907182856e+09
/SS/5/PX-1PY1PZ0/b_X/eta0/bT0/bz-1	1.4155025482177734e+00	1.0654900853899328e-10	1.3284990330996351e+10
/SS/5/PX-1PY1PZ0/b_X/eta0/bT0/bz-2	1.1041412353515625e+00	9.4993143785827513e-11	1.1623378186545444e+10
/SS/5/PX-1PY1PZ0/b_X/eta0/bT0/bz-3	7.6481819152832031e-01	8.9516262306774062e-11	7.5173597707928047e+09
/SS/5/PX-1PY1PZ0/b_X/eta0/bT0/bz-4	6.0790061950683594e-01	8.8351215194684331e-11	5.5302418969823322e+09
/SS/5/PX-1PY1PZ0/b_X/eta0/bT0/bz-5	5.1948547363281250e-01	7.9735110011250582e-11	4.0291802186689405e+09
/SS/5/PX-1PY1PZ0/b_X/eta0/bT0/bz0	1.5628128051757812e+00	1.0782921100783341e-10	1.4493408516753855e+10
/SS/5/PX-1PY1PZ0/b_X/eta0/bT0/bz1	1.4850788116455078e+00	1.0444605049919273e-10	1.4218621044526583e+10
/SS/5/PX-1PY1PZ0/b_X/eta0/bT0/bz2	1.2520923614501953e+00	9.9413545439704612e-11	1.2594786313195145e+10
/SS/5/PX-1PY1PZ0/b_X/eta0/bT0/bz3	9.7907829284667969e-01	9.5762943622806824e-11	1.0223978668649689e+10
/SS/5/PX-1PY1PZ0/b_X/eta0/bT0/bz4	7.3972988128662109e-01	9.6876181465700376e-11	7.6358282303739147e+09
/SS/5/PX-1PY1PZ0/b_X/eta0/bT0/bz5	5.5258274078369141e-01	1.0681904260473678e-10	5.1730733332671499e+09
/SS/5/PX-1PY2PZ-1/b_X/eta0/bT0/bz-1	5.0890827178955078e-01	7.5226002392527988e-11	5.5536257168425465e+09
/SS/5/PX-1PY2PZ-1/b_X/eta0/bT0/bz-2	3.9546585083007812e-01	8.5753196788670971e-11	4.6116747321345797e+09
/SS/5/PX-1PY2PZ-1/b_X/eta0/bT0/bz-3	3.6269950866699219e-01	1.1760376921842354e-10	3.0840806470527010e+09
/SS/5/PX-1PY2PZ-1/b_X/eta0/bT0/bz-4	2.8831338882446289e-01	1.0513844053120432e-10	2.7422262244691901e+09
/SS/5/PX-1PY2PZ-1/b_X/eta0/bT0/bz-5	2.4513530731201172e-01	8.3472918220397287e-11	2.9367046526966982e+09
/SS/5/PX-1PY2PZ-1/b_X/eta0/bT0/bz0	5.7943630218505859e-01	7.5252152253079683e-11	7.6999299666056423e+09
/SS/5/PX-1PY2PZ-1/b_X/eta0/bT0/bz1	5.0841045379638672e-01	7.8160003804308396e-11	6.5047393686073713e+09
/SS/5/PX-1PY2PZ-1/b_X/eta0/bT0/bz2	3.6291122436523438e-01	6.7695978551037843e-11	4.6887076773490858e+09
/SS/5/PX-1PY2PZ-1/b_X/eta0/bT0/bz3	3.3797597885131836e-01	9.4181507318123959e-11	3.5885598826711435e+09
/SS/5/PX-1PY2PZ-1/b_X/eta0/bT0/bz4	3.4224414825439453e-01	9.5714273126847982e-11	3.5756856012564192e+09
/SS/5/PX-1PY2PZ-1/b_X/eta0/bT0/bz5	2.9804229736328125e-01	9.5915734046189413e-11	3.1073347905543346e+09
/SS/5/PX-1PY2PZ-2/b_X/eta0/bT0/bz-1	6.6735076904296875e-01	7.3719968915818831e-11	3.2220609282549610e+09
/SS/5/PX-1PY2PZ-2/b_X/eta0/bT0/bz-2	4.8054981231689453e-01	6.0560196677227998e-11	7.9350768108980093e+09
/SS/5/PX-1PY2PZ-2/b_X/eta0/bT0/bz-3	2.9115390777587891e-01	5.0618006338740983e-11	5.7519829174512835e+09
/SS/5/PX-1PY2PZ-2/b_X/eta0/bT0/bz-4	2.0270919799804688e-01	4.6684052975406144e-11	1.1801512204814723e+09
/SS/5/PX-1PY2PZ-2/b_X/eta0/bT0/bz-5	1.6005897521972656e-01	5.6161846382988846e-11	1.8528496564965103e+09
/SS/5/PX-1PY2PZ-2/b_X/eta0/bT0/bz0	7.5833511352539062e-01	1.1399079237377747e-10	2.9569512840467730e+09
/SS/5/PX-1PY2PZ-2/b_X/eta0/bT0/bz1	6.9750022888183594e-01	1.2361689758290269e-10	2.6084326057989998e+09
/SS/5/PX-1PY2PZ-2/b_X/eta0/bT0/bz2	5.5232429504394531e-01	8.3091759547703963e-11	2.4279960476683578e+09
/SS/5/PX-1PY2PZ-2/b_X/eta0/bT0/bz3	5.1542472839355469e-01	1.2866776678308356e-10	4.4339685996236402e+08
/SS/5/PX-1PY2PZ-2/b_X/eta0/bT0/bz4	4.4723701477050781e-01	4.6458565085846955e-11	6.6815714399499807e+09
/SS/5/PX-1PY2PZ-2/b_X/eta0/bT0/bz5	3.6124801635742188e-01	5.9164153438889579e-11	3.7697714338318691e+09
/SS/5/PX-1PY2PZ0/b_X/eta0/bT0/bz-1	7.7896690368652344e-01	1.8354019860811175e-10	4.1971367009645038e+09
/SS/5/PX-1PY2PZ0/b_X/eta0/bT0/bz-2	7.5918388366699219e-01	4.1358503781510762e-10	1.8356173803521004e+09
/SS/5/PX-1PY2PZ0/b_X/eta0/bT0/bz-3	6.2553691864013672e-01	4.8505938146377747e-10	6.7181522087883043e+08
/SS/5/PX-1PY2PZ0/b_X/eta0/bT0/bz-4	6.0220670700073242e-01	2.8649573927914424e-10	2.1019743906696579e+09
/SS/5/PX-1PY2PZ0/b_X/eta0/bT0/bz-5	5.6543684005737305e-01	1.8130907507598009e-10	3.1186350700891218e+09
/SS/5/PX-1PY2PZ0/b_X/eta0/bT0/bz0	8.0455780029296875e-01	1.2460167410900339e-10	5.9679692946853743e+09
/SS/5/PX-1PY2PZ0/b_X/eta0/bT0/bz1	8.7854385375976562e-01	1.1784919006176276e-10	7.4548145243877850e+09
/SS/5/PX-1PY2PZ0/b_X/eta0/bT0/bz2	6.5849494934082031e-01	8.6755394212266613e-11	7.3386364466842279e+09
/SS/5/PX-1PY2PZ0/b_X/eta0/bT0/bz3	5.4938888549804688e-01	7.2417941749706929e-11	5.7994449121755943e+09
/SS/5/PX-1PY2PZ0/b_X/eta0/bT0/bz4	4.5186519622802734e-01	1.0073108932423524e-10	2.9064550746573615e+09
/SS/5/PX-1PY2PZ0/b_X/eta0/bT0/bz5	3.9974546432495117e-01	1.5258118190441414e-10	2.6198870616651492e+09
/SS/5/PX-2PY-1PZ-1/b_X/eta0/bT0/bz-1	8.8796138763427734e-01	1.5135175379319147e-10	5.8668721397678452e+09
/SS/5/PX-2PY-1PZ-1/b_X/eta0/bT0/bz-2	6.7093801498413086e-01	2.3455879420235250e-10	2.8604257506768923e+09
/SS/5/PX-2PY-1PZ-1/b_X/eta0/bT0/bz-3	5.6985282897949219e-01	6.0249775781734870e-10	6.2093154601969206e+08
/SS/5/PX-2PY-1PZ-1/b_X/eta0/bT0/bz-4	4.6374320983886719e-01	1.5356802906073076e-10	2.7366183839998355e+09
/SS/5/PX-2PY-1PZ-1/b_X/eta0/bT0/bz-5	3.5747003555297852e-01	1.6295589383254232e-10	2.1936612855520520e+09
/SS/5/PX-2PY-1PZ-1/b_X/eta0/bT0/bz0	9.7739982604980469e-01	1.1759373756261088e-10	8.3116656236000996e+09
/SS/5/PX-2PY-1PZ-1/b_X/eta0/bT0/bz1	9.8356628417968750e-01	9.3871011664481957e-11	9.6306962245502186e+09
/SS/5/PX-2PY-1PZ-1/b_X/eta0/bT0/bz2	9.0445899963378906e-01	7.2491340899105658e-11	1.0056374768503258e+10
/SS/5/PX-2PY-1PZ-1/b_X/eta0/bT0/bz3	7.2778129577636719e-01	8.3744646909654042e-11	5.2110956734739285e+09
/SS/5/PX-2PY-1PZ-1/b_X/eta0/bT0/bz4	5.4953575134277344e-01	1.2156334444103808e-10	3.8394926039241405e+09
/SS/5/PX-2PY-1PZ-1/b_X/eta0/bT0/bz5	4.3296337127685547e-01	1.5057721716896705e-10	2.8753577693696833e+09
/SS/5/PX-2PY-1PZ-2/b_X/eta0/bT0/bz-1	8.7454795837402344e-01	1.1681684829640653e-10	5.4129784272942123e+09
/SS/5/PX-2PY-1PZ-2/b_X/eta0/bT0/bz-2	7.1249771118164062e-01	1.0765076199560700e-10	4.7216776617140408e+09
/SS/5/PX-2PY-1PZ-2/b_X/eta0/bT0/bz-3	5.4181480407714844e-01	9.1705463182739485e-11	3.8472642628885970e+09
/SS/5/PX-2PY-1PZ-2/b_X/eta0/bT0/bz-4	3.9559745788574219e-01	7.3286675888064815e-11	2.8960338749370651e+09
/SS/5/PX-2PY-1PZ-2/b_X/eta0/bT0/bz-5	2.7422904968261719e-01	6.3029468782532561e-11	1.8749927678110471e+09
/SS/5/PX-2PY-1PZ-2/b_X/eta0/bT0/bz0	9.5303344726562500e-01	1.2752879915699871e-10	5.3506919953747063e+09
/SS/5/PX-2PY-1PZ-2/b_X/eta0/bT0/bz1	8.9377212524414062e-01	1.5254493285346420e-10	4.3034115310633020e+09
/SS/5/PX-2PY-1PZ-2/b_X/eta0/bT0/bz2	7.1650314331054688e-01	1.7637573722959934e-10	3.2469183193785729e+09
/SS/5/PX-2PY-1PZ-2/b_X/eta0/bT0/bz3	4.8205852508544922e-01	1.8109182260743982e-10	2.4274055847187104e+09
/SS/5/PX-2PY-1PZ-2/b_X/eta0/bT0/bz4	3.0684185028076172e-01	1.5686782610984617e-10	1.6604464739379356e+09
/SS/5/PX-2PY-1PZ-2/b_X/eta0/bT0/bz5	1.9278621673583984e-01	2.6282714160156212e-10	6.3931308790269518e+08
/SS/5/PX-2PY-1PZ0/b_X/eta0/bT0/bz-1	1.1943206787109375e+00	3.6143213555818136e-11	3.3044119800428822e+10
/SS/5/PX-2PY-1PZ0/b_X/eta0/bT0/bz-2	1.0642395019531250e+00	3.8517291702503007e-11	2.7630174784172752e+10
/SS/5/PX-2PY-1PZ0/b_X/eta0/bT0/bz-3	9.1051483154296875e-01	4.2023729513847293e-11	2.1666683135368645e+10
/SS/5/PX-2PY-1PZ0/b_X/eta0/bT0/bz-4	7.5799369812011719e-01	4.6110356888100999e-11	1.6438686431327993e+10
/SS/5/PX-2PY-1PZ0/b_X/eta0/bT0/bz-5	6.1132431030273438e-01	4.9657246220125679e-11	1.2310878206833982e+10
/SS/5/PX-2PY-1PZ0/b_X/eta0/bT0/bz0	1.2434921264648438e+00	3.4711881575310884e-11	3.5823241784429451e+10
/SS/5/PX-2PY-1PZ0/b_X/eta0/bT0/bz1	1.1730422973632812e+00	3.3939561287604947e-11	3.4562682982931999e+10
/SS/5/PX-2PY-1PZ0/b_X/eta0/bT0/bz2	1.0141639709472656e+00	3.3693576731051218e-11	3.0099623410198410e+10
/SS/5/PX-2PY-1PZ0/b_X/eta0/bT0/bz3	8.3329772949218750e-01	3.4236185606590915e-11	2.4339677879645763e+10
/SS/5/PX-2PY-1PZ0/b_X/eta0/bT0/bz4	6.6834259033203125e-01	7.0720674621063415e-11	4.0906061729713612e+09
/SS/5/PX-2PY-1PZ0/b_X/eta0/bT0/bz5	5.3271102905273438e-01	7.1169210937763876e-11	3.8342702007659388e+09
/SS/5/PX-2PY-2PZ-1/b_X/eta0/bT0/bz-1	8.2487487792968750e-01	9.6392689097359866e-11	5.4439838870646086e+09
/SS/5/PX-2PY-2PZ-1/b_X/eta0/bT0/bz-2	7.0345306396484375e-01	8.1473196974361842e-11	4.8902130066406641e+09
/SS/5/PX-2PY-2PZ-1/b_X/eta0/bT0/bz-3	5.5813598632812500e-01	7.0021561727061577e-11	4.1188427602625823e+09
/SS/5/PX-2PY-2PZ-1/b_X/eta0/bT0/bz-4	4.2056083679199219e-01	6.0808419992387044e-11	3.4382334481764054e+09
/SS/5/PX-2PY-2PZ-1/b_X/eta0/bT0/bz-5	2.9884910583496094e-01	1.1473213692845083e-10	1.0898599556975083e+09
/SS/5/PX-2PY-2PZ-1/b_X/eta0/bT0/bz0	8.7421798706054688e-01	1.0805754323578947e-10	5.4847934160738859e+09
/SS/5/PX-2PY-2PZ-1/b_X/eta0/bT0/bz1	8.2819366455078125e-01	1.1180186780420364e-10	4.9110165359201536e+09
/SS/5/PX-2PY-2PZ-1/b_X/eta0/bT0/bz2	7.2112655639648438e-01	1.1236722434962187e-10	4.0000908244370236e+09
/SS/5/PX-2PY-2PZ-1/b_X/eta0/bT0/bz3	6.0352325439453125e-01	1.0925077464767449e-10	3.1341924092772284e+09
/SS/5/PX-2PY-2PZ-1/b_X/eta0/bT0/bz4	4.8578071594238281e-01	8.2022121333892044e-11	2.6380877050761538e+09
/SS/5/PX-2PY-2PZ-1/b_X/eta0/bT0/bz5	3.8105201721191406e-01	8.2780518895228987e-11	1.9314923194611521e+09
/SS/5/PX-2PY-2PZ-2/b_X/eta0/bT0/bz-1	8.0546379089355469e-01	1.8411671139204342e-10	3.9254017826183434e+09
/SS/5/PX-2PY-2PZ-2/b_X/eta0/bT0/bz-2	6.6922187805175781e-01	1.2853950842995765e-10	3.0227414372564716e+09
/SS/5/PX-2PY-2PZ-2/b_X/eta0/bT0/bz-3	5.3210926055908203e-01	7.6086557294723847e-11	6.9934726905560837e+09
/SS/5/PX-2PY-2PZ-2/b_X/eta0/bT0/bz-4	4.3008518218994141e-01	9.1137681527082595e-11	4.7190709153835201e+09
/SS/5/PX-2PY-2PZ-2/b_X/eta0/bT0/bz-5	3.6664628982543945e-01	1.1829853274795261e-10	3.0993308311491718e+09
/SS/5/PX-2PY-2PZ-2/b_X/eta0/bT0/bz0	9.0048313140869141e-01	1.8849384642558915e-10	4.7772547936421413e+09
/SS/5/PX-2PY-2PZ-2/b_X/eta0/bT0/bz1	8.7188339233398438e-01	1.5767423092675810e-10	5.4480033781540279e+09
/SS/5/PX-2PY-2PZ-2/b_X/eta0/bT0/bz2	7.5045204162597656e-01	1.2363837303277050e-10	5.5195745808416739e+09
/SS/5/PX-2PY-2PZ-2/b_X/eta0/bT0/bz3	5.6967830657958984e-01	9.8118244150378747e-11	4.8242476646811352e+09
/SS/5/PX-2PY-2PZ-2/b_X/eta0/bT0/bz4	4.1786003112792969e-01	8.1428296454553966e-11	3.7381582842249260e+09
/SS/5/PX-2PY-2PZ-2/b_X/eta0/bT0/bz5	2.9341220855712891e-01	6.7931527331789357e-11	2.7379790979861031e+09
/SS/5/PX-2PY-2PZ0/b_X/eta0/bT0/bz-1	5.6447029113769531e-01	5.2027136962804197e-11	7.9319897779870386e+09
/SS/5/PX-2PY-2PZ0/b_X/eta0/bT0/bz-2	5.6384468078613281e-01	1.4717103864153271e-10	8.4343480405934572e+08
/SS/5/PX-2PY-2PZ0/b_X/eta0/bT0/bz-3	5.1297569274902344e-01	3.1456029321431338e-10	6.5562016367508721e+08
/SS/5/PX-2PY-2PZ0/b_X/eta0/bT0/bz-4	4.3303012847900391e-01	7.3552279939690499e-11	1.8916914860397205e+09
/SS/5/PX-2PY-2PZ0/b_X/eta0/bT0/bz-5	3.5476684570312500e-01	6.9044394939494619e-11	3.3175988253192043e+09
/SS/5/PX-2PY-2PZ0/b_X/eta0/bT0/bz0	5.0827026367187500e-01	6.8252736012414869e-11	3.2503061698595519e+09
/SS/5/PX-2PY-2PZ0/b_X/eta0/bT0/bz1	4.1531372070312500e-01	5.2052306695412334e-11	4.3579977204609241e+09
/SS/5/PX-2PY-2PZ0/b_X/eta0/bT0/bz2	3.0869865417480469e-01	4.2175591910869963e-11	2.5995542043812518e+09
/SS/5/PX-2PY-2PZ0/b_X/eta0/bT0/bz3	2.6230525970458984e-01	6.1483575839873731e-11	1.8952205231548560e+09
/SS/5/PX-2PY-2PZ0/b_X/eta0/bT0/bz4	2.4104499816894531e-01	6.0662182476284942e-11	3.9735629073876233e+09
/SS/5/PX-2PY-2PZ0/b_X/eta0/bT0/bz5	2.0138263702392578e-01	8.3634828422753382e-11	2.4078800760609722e+09
/SS/5/PX-2PY0PZ-1/b_X/eta0/bT0/bz-1	1.6643714904785156e+00	2.1158320605138194e-10	6.8892121863798532e+09
/SS/5/PX-2PY0PZ-1/b_X/eta0/bT0/bz-2	1.3922195434570312e+00	2.5051799742761829e-10	4.8734966779686766e+09
/SS/5/PX-2PY0PZ-1/b_X/eta0/bT0/bz-3	1.0812206268310547e+00	3.5365477161139034e-10	2.5984018314846168e+09
/SS/5/PX-2PY0PZ-1/b_X/eta0/bT0/bz-4	8.0121803283691406e-01	1.3818782811368342e-09	4.3178561070959765e+08
/SS/5/PX-2PY0PZ-1/b_X/eta0/bT0/bz-5	5.9066390991210938e-01	3.0347876796522639e-10	1.3999056514834688e+09
/SS/5/PX-2PY0PZ-1/b_X/eta0/bT0/bz0	1.7796230316162109e+00	1.8821867769073560e-10	8.0920964142103405e+09
/SS/5/PX-2PY0PZ-1/b_X/eta0/bT0/bz1	1.6564140319824219e+00	1.7355602655812715e-10	7.9885295298170137e+09
/SS/5/PX-2PY0PZ-1/b_X/eta0/bT0/bz2	1.3632106781005859e+00	1.6469971853021397e-10	6.8267621621546745e+09
/SS/5/PX-2PY0PZ-1/b_X/eta0/bT0/bz3	1.0323200225830078e+00	1.5948354158728208e-10	5.2741658860052662e+09
/SS/5/PX-2PY0PZ-1/b_X/eta0/bT0/bz4	7.4037551879882812e-01	1.5991405736548239e-10	3.7271045262190328e+09
/SS/5/PX-2PY0PZ-1/b_X/eta0/bT0/bz5	5.5902576446533203e-01	1.7660457680519867e-10	2.2805941611778359e+09
/SS/5/PX-2PY0PZ-2/b_X/eta0/bT0/bz-1	9.7388172149658203e-01	1.9070678163120012e-10	3.3138228899070716e+09
/SS/5/PX-2PY0PZ-2/b_X/eta0/bT0/bz-2	7.9492473602294922e-01	1.5882135206618647e-10	5.0051502879264994e+09
/SS/5/PX-2PY0PZ-2/b_X/eta0/bT0/bz-3	5.8696746826171875e-01	2.0158666777582370e-10	2.5675641835819950e+09
/SS/5/PX-2PY0PZ-2/b_X/eta0/bT0/bz-4	4.3803119659423828e-01	3.3554735599797418e-10	4.0483552145472997e+08
/SS/5/PX-2PY0PZ-2/b_X/eta0/bT0/bz-5	3.1366252899169922e-01	1.8364949244805618e-10	7.7263152187013936e+08
/SS/5/PX-2PY0PZ-2/b_X/eta0/bT0/bz0	1.0372629165649414e+00	2.6015021972014047e-10	2.9333864445827165e+09
/SS/5/PX-2PY0PZ-2/b_X/eta0/bT0/bz1	9.4848346710205078e-01	2.7225323192541175e-10	9.2140527881715631e+08
/SS/5/PX-2PY0PZ-2/b_X/eta0/bT0/bz2	7.4636650085449219e-01	2.1662648250722925e-10	3.6922296802482343e+08
/SS/5/PX-2PY0PZ-2/b_X/eta0/bT0/bz3	5.1466846466064453e-01	1.8609966054825272e-10	2.6173260780179954e+08
/SS/5/PX-2PY0PZ-2/b_X/eta0/bT0/bz4	4.3243932723999023e-01	1.3708911900135844e-10	3.1544394652919545e+09
/SS/5/PX-2PY0PZ-2/b_X/eta0/bT0/bz5	3.1406736373901367e-01	1.2123711961968865e-10	2.5905214898227410e+09
/SS/5/PX-2PY0PZ0/b_X/eta0/bT0/bz-1	5.2548027038574219e-01	3.2129267623298693e-11	1.6355189808456375e+10
/SS/5/PX-2PY0PZ0/b_X/eta0/bT0/bz-2	5.1152420043945312e-01	4.1159841107217634e-11	1.2427749638463842e+10
/SS/5/PX-2PY0PZ0/b_X/eta0/bT0/bz-3	5.2951431274414062e-01	6.0213037021918044e-11	8.7940143685393753e+09
/SS/5/PX-2PY0PZ0/b_X/eta0/bT0/bz-4	5.1077651977539062e-01	7.6860164355616149e-11	6.6455298925999289e+09
/SS/5/PX-2PY0PZ0/b_X/eta0/bT0/bz-5	4.2209815979003906e-01	7.6913498052990675e-11	5.4879594671305733e+09
/SS/5/PX-2PY0PZ0/b_X/eta0/bT0/bz0	5.4849624633789062e-01	3.0808048250257012e-11	1.4985924595494093e+10
/SS/5/PX-2PY0PZ0/b_X/eta0/bT0/bz1	5.0985336303710938e-01	3.2712366954263470e-11	1.4752691066357956e+10
/SS/5/PX-2PY0PZ0/b_X/eta0/bT0/bz2	4.4110107421875000e-01	3.2686352113833843e-11	1.3090049956188850e+10
/SS/5/PX-2PY0PZ0/b_X/eta0/bT0/bz3	4.0004348754882812e-01	3.1580674941201964e-11	1.2314758533646048e+10
/SS/5/PX-2PY0PZ0/b_X/eta0/bT0/bz4	3.6374855041503906e-01	5.5475605602285515e-11	5.2571936900338974e+09
/SS/5/PX-2PY0PZ0/b_X/eta0/bT0/bz5	3.5854530334472656e-01	8.7572590684339313e-11	3.1281704877365036e+09
/SS/5/PX-2PY1PZ-1/b_X/eta0/bT0/bz-1	8.0910873413085938e-01	5.2598789582724705e-11	3.3619243745691504e+09
/SS/5/PX-2PY1PZ-1/b_X/eta0/bT0/bz-2	7.0786285400390625e-01	5.1257439100745875e-11	1.3809953568156427e+10
/SS/5/PX-2PY1PZ-1/b_X/eta0/bT0/bz-3	5.8350181579589844e-01	6.2903922117918060e-11	7.2685615744574738e+09
/SS/5/PX-2PY1PZ-1/b_X/eta0/bT0/bz-4	4.5934677124023438e-01	1.0686067963527470e-10	3.8838822244530735e+09
/SS/5/PX-2PY1PZ-1/b_X/eta0/bT0/bz-5	3.4288120269775391e-01	1.9172672444934590e-10	1.1380382133484356e+09
/SS/5/PX-2PY1PZ-1/b_X/eta0/bT0/bz0	8.5126876831054688e-01	9.1160266298257557e-11	3.7131414455800867e+09
/SS/5/PX-2PY1PZ-1/b_X/eta0/bT0/bz1	8.1408882141113281e-01	1.3381198606527946e-10	3.2534485952434554e+09
/SS/5/PX-2PY1PZ-1/b_X/eta0/bT0/bz2	7.1118545532226562e-01	2.2871494655585439e-10	1.9756811945914824e+09
/SS/5/PX-2PY1PZ-1/b_X/eta0/bT0/bz3	5.6847190856933594e-01	5.7045550626296185e-10	4.1538702391996664e+08
/SS/5/PX-2PY1PZ-1/b_X/eta0/bT0/bz4	4.9537706375122070e-01	4.2008122076012575e-10	1.1792411544959071e+09
/SS/5/PX-2PY1PZ-1/b_X/eta0/bT0/bz5	4.2771720886230469e-01	4.7525637777516899e-10	5.0105017489149147e+08
/SS/5/PX-2PY1PZ-2/b_X/eta0/bT0/bz-1	9.8626708984375000e-01	7.3465612223053045e-11	1.0200498043424482e+10
/SS/5/PX-2PY1PZ-2/b_X/eta0/bT0/bz-2	8.3908081054687500e-01	7.4518660901385583e-11	9.4617659049599209e+09
/SS/5/PX-2PY1PZ-2/b_X/eta0/bT0/bz-3	6.4927101135253906e-01	2.7673200153090793e-10	5.2270717820216560e+08
/SS/5/PX-2PY1PZ-2/b_X/eta0/bT0/bz-4	4.6751976013183594e-01	8.4214176932279589e-11	5.5515564856471806e+09
/SS/5/PX-2PY1PZ-2/b_X/eta0/bT0/bz-5	3.4273338317871094e-01	1.9438479033022331e-10	9.8324389251664066e+08
/SS/5/PX-2PY1PZ-2/b_X/eta0/bT0/bz0	1.0067176818847656e+00	7.4141619059631760e-11	9.5743260307582626e+09
/SS/5/PX-2PY1PZ-2/b_X/eta0/bT0/bz1	8.6845779418945312e-01	7.7963339240259743e-11	7.7785592226645927e+09
/SS/5/PX-2PY1PZ-2/b_X/eta0/bT0/bz2	6.5684890747070312e-01	9.3362939931530582e-11	4.2528745497459636e+09
/SS/5/PX-2PY1PZ-2/b_X/eta0/bT0/bz3	4.5377922058105469e-01	1.1331466724675849e-10	2.5975171878316984e+09
/SS/5/PX-2PY1PZ-2/b_X/eta0/bT0/bz4	2.8650665283203125e-01	9.3147399374015246e-11	2.1880960882943907e+09
/SS/5/PX-2PY1PZ-2/b_X/eta0/bT0/bz5	2.6978492736816406e-01	6.0016856810040924e-11	2.3801951171976275e+09
/SS/5/PX-2PY1PZ0/b_X/eta0/bT0/bz-1	1.7248535156250000e+00	1.9332411749340608e-10	8.9220814143058567e+09
/SS/5/PX-2PY1PZ0/b_X/eta0/bT0/bz-2	1.4306306838989258e+00	1.8472178407987805e-10	7.7447859819299240e+09
/SS/5/PX-2PY1PZ0/b_X/eta0/bT0/bz-3	1.0771856307983398e+00	1.7279601812371606e-10	6.2338567896113882e+09
/SS/5/PX-2PY1PZ0/b_X/eta0/bT0/bz-4	8.0472946166992188e-01	1.5756280499450892e-10	4.6982513479339590e+09
/SS/5/PX-2PY1PZ0/b_X/eta0/bT0/bz-5	5.8265876770019531e-01	1.4059721572402055e-10	3.5542945051366634e+09
/SS/5/PX-2PY1PZ0/b_X/eta0/bT0/bz0	1.8211898803710938e+00	1.9495190105433616e-10	9.3417395291954575e+09
/SS/5/PX-2PY1PZ0/b_X/eta0/bT0/bz1	1.6218948364257812e+00	1.8254017003910828e-10	8.8851392878526344e+09
/SS/5/PX-2PY1PZ0/b_X/eta0/bT0/bz2	1.2467918395996094e+00	1.5725353857668074e-10	7.9203583623342257e+09
/SS/5/PX-2PY1PZ0/b_X/eta0/bT0/bz3	9.5005226135253906e-01	1.2397847299049382e-10	6.9884080831290340e+09
/SS/5/PX-2PY1PZ0/b_X/eta0/bT0/bz4	7.1100997924804688e-01	8.8466730607605783e-11	6.3543661856262722e+09
/SS/5/PX-2PY1PZ0/b_X/eta0/bT0/bz5	6.2295722961425781e-01	8.9158377782307336e-11	4.0131368934467111e+09
/SS/5/PX-2PY2PZ-1/b_X/eta0/bT0/bz-1	3.7318420410156250e-01	6.7853402221283832e-11	4.9874595594292488e+09
/SS/5/PX-2PY2PZ-1/b_X/eta0/bT0/bz-2	3.8399219512939453e-01	6.4678447966982477e-11	5.9369420139057398e+09
/SS/5/PX-2PY2PZ-1/b_X/eta0/bT0/bz-3	4.0339088439941406e-01	6.1849545877492026e-11	6.5221317097206697e+09
/SS/5/PX-2PY2PZ-1/b_X/eta0/bT0/bz-4	3.9952468872070312e-01	5.9263525925846351e-11	6.7414937346220245e+09
/SS/5/PX-2PY2PZ-1/b_X/eta0/bT0/bz-5	3.7984466552734375e-01	5.9736727951323423e-11	5.7059317239273539e+09
/SS/5/PX-2PY2PZ-1/b_X/eta0/bT0/bz0	4.2816162109375000e-01	6.9961438078612311e-11	3.8168475918663392e+09
/SS/5/PX-2PY2PZ-1/b_X/eta0/bT0/bz1	3.9384651184082031e-01	8.1733972757628931e-11	4.5307304366767302e+09
/SS/5/PX-2PY2PZ-1/b_X/eta0/bT0/bz2	3.2248973846435547e-01	6.8900910503201830e-11	1.8396224429395461e+09
/SS/5/PX-2PY2PZ-1/b_X/eta0/bT0/bz3	2.2718238830566406e-01	7.8615504698117016e-11	1.0683200609055371e+09
/SS/5/PX-2PY2PZ-1/b_X/eta0/bT0/bz4	2.2045516967773438e-01	1.4753912174345271e-10	1.2413288572737489e+09
/SS/5/PX-2PY2PZ-1/b_X/eta0/bT0/bz5	2.7732944488525391e-01	3.5445094341145223e-10	1.8513696550631097e+08
/SS/5/PX-2PY2PZ-2/b_X/eta0/bT0/bz-1	9.1542243957519531e-01	2.2119967858498061e-10	2.5839825904161515e+09
/SS/5/PX-2PY2PZ-2/b_X/eta0/bT0/bz-2	7.4892425537109375e-01	4.0804282905422010e-10	1.2741808263759673e+09
/SS/5/PX-2PY2PZ-2/b_X/eta0/bT0/bz-3	5.7877540588378906e-01	9.7055327155620444e-11	4.9863374748428097e+09
/SS/5/PX-2PY2PZ-2/b_X/eta0/bT0/bz-4	4.4800090789794922e-01	2.5914239156102784e-10	1.0705478706458689e+09
/SS/5/PX-2PY2PZ-2/b_X/eta0/bT0/bz-5	3.5818386077880859e-01	1.6597851419646396e-10	1.2035204112421296e+09
/SS/5/PX-2PY2PZ-2/b_X/eta0/bT0/bz0	9.9502277374267578e-01	1.0214476227413098e-09	4.1729411335135174e+08
/SS/5/PX-2PY2PZ-2/b_X/eta0/bT0/bz1	9.3795490264892578e-01	2.8420544919782308e-10	1.3561646457240801e+09
/SS/5/PX-2PY2PZ-2/b_X/eta0/bT0/bz2	7.6482582092285156e-01	2.1076238640445541e-10	1.9279027928972588e+09
/SS/5/PX-2PY2PZ-2/b_X/eta0/bT0/bz3	5.4754924774169922e-01	1.7177050995592517e-10	2.1678579045106368e+09
/SS/5/PX-2PY2PZ-2/b_X/eta0/bT0/bz4	3.7666034698486328e-01	1.3776261926079722e-10	2.2520643404744325e+09
/SS/5/PX-2PY2PZ-2/b_X/eta0/bT0/bz5	2.8073978424072266e-01	2.2121667663877566e-10	6.9494315436017144e+08
/SS/5/PX-2PY2PZ0/b_X/eta0/bT0/bz-1	7.6380157470703125e-01	6.3747596195022682e-10	1.0027195788679355e+09
/SS/5/PX-2PY2PZ0/b_X/eta0/bT0/bz-2	5.9909057617187500e-01	1.2159919001311522e-09	3.5960579526267362e+08
/SS/5/PX-2PY2PZ0/b_X/eta0/bT0/bz-3	4.8520183563232422e-01	1.5838370859633182e-10	2.0039592318128536e+09
/SS/5/PX-2PY2PZ0/b_X/eta0/bT0/bz-4	4.3943595886230469e-01	1.4503981941289362e-10	1.7002714578592684e+09
/SS/5/PX-2PY2PZ0/b_X/eta0/bT0/bz-5	4.5221900939941406e-01	1.2905240703161038e-10	1.6418115329899354e+09
/SS/5/PX-2PY2PZ0/b_X/eta0/bT0/bz0	8.3742713928222656e-01	3.1242861655052949e-10	2.2081322657659998e+09
/SS/5/PX-2PY2PZ0/b_X/eta0/bT0/bz1	7.9941368103027344e-01	6.6465388612792096e-10	8.1516652458066547e+08
/SS/5/PX-2PY2PZ0/b_X/eta0/bT0/bz2	7.0016098022460938e-01	2.6825024865445410e-10	1.4122285933028700e+09
/SS/5/PX-2PY2PZ0/b_X/eta0/bT0/bz3	6.0097694396972656e-01	2.8655245422871558e-10	1.6149681421717455e+09
/SS/5/PX-2PY2PZ0/b_X/eta0/bT0/bz4	5.3139877319335938e-01	5.2443131269964327e-10	8.4395660459998107e+08
/SS/5/PX-2PY2PZ0/b_X/eta0/bT0/bz5	4.9132061004638672e-01	1.9407194104759766e-09	2.0385122102280685e+08
/SS/5/PX0PY-1PZ-1/b_X/eta0/bT0/bz-1	1.6716804504394531e+00	7.4865507381381360e-11	2.2329114019404762e+10
/SS/5/PX0PY-1PZ-1/b_X/eta0/bT0/bz-2	1.4060897827148438e+00	7.7434143370573701e-11	1.8158524411973827e+10
/SS/5/PX0PY-1PZ-1/b_X/eta0/bT0/bz-3	1.1032199859619141e+00	7.9163006045124775e-11	1.3936054744220459e+10
/SS/5/PX0PY-1PZ-1/b_X/eta0/bT0/bz-4	8.2767486572265625e-01	7.6706176557381802e-11	1.0790198428199524e+10
/SS/5/PX0PY-1PZ-1/b_X/eta0/bT0/bz-5	6.0060501098632812e-01	7.7732262969381865e-11	7.3651130525758247e+09
/SS/5/PX0PY-1PZ-1/b_X/eta0/bT0/bz0	1.7714004516601562e+00	7.2342513889772480e-11	2.4486299361385483e+10
/SS/5/PX0PY-1PZ-1/b_X/eta0/bT0/bz1	1.6165657043457031e+00	6.9333215677749759e-11	2.3315891071016445e+10
/SS/5/PX0PY-1PZ-1/b_X/eta0/bT0/bz2	1.3019256591796875e+00	6.6379343509375285e-11	1.9613415715625542e+10
/SS/5/PX0PY-1PZ-1/b_X/eta0/bT0/bz3	9.6838760375976562e-01	6.4088045753760990e-11	1.5110268886657946e+10
/SS/5/PX0PY-1PZ-1/b_X/eta0/bT0/bz4	6.9347763061523438e-01	6.2748500275087407e-11	1.1051700480091967e+10
/SS/5/PX0PY-1PZ-1/b_X/eta0/bT0/bz5	4.9425697326660156e-01	6.2608432460170039e-11	7.8944153981340427e+09
/SS/5/PX0PY-1PZ-2/b_X/eta0/bT0/bz-1	1.4487895965576172e+00	8.9524484337310084e-11	1.6183166061017141e+10
/SS/5/PX0PY-1PZ-2/b_X/eta0/bT0/bz-2	1.1546325683593750e+00	9.1791615765732398e-11	1.2578845668281851e+10
/SS/5/PX0PY-1PZ-2/b_X/eta0/bT0/bz-3	8.0358123779296875e-01	1.1391282611817640e-10	5.7901438329673662e+09
/SS/5/PX0PY-1PZ-2/b_X/eta0/bT0/bz-4	6.7865705490112305e-01	1.6829168765097299e-10	4.0326237402088308e+09
/SS/5/PX0PY-1PZ-2/b_X/eta0/bT0/bz-5	5.7845449447631836e-01	1.6415849979700718e-10	3.5237559748146791e+09
/SS/5/PX0PY-1PZ-2/b_X/eta0/bT0/bz0	1.5828742980957031e+00	8.5015513941435072e-11	1.8472015219639240e+10
/SS/5/PX0PY-1PZ-2/b_X/eta0/bT0/bz1	1.5038871765136719e+00	8.5558508932517506e-11	1.4515385607351364e+10
/SS/5/PX0PY-1PZ-2/b_X/eta0/bT0/bz2	1.2491226196289062e+00	9.7204467567319598e-11	1.2149173891357513e+10
/SS/5/PX0PY-1PZ-2/b_X/eta0/bT0/bz3	9.4900512695312500e-01	9.3726367758906003e-11	1.0125273705199669e+10
/SS/5/PX0PY-1PZ-2/b_X/eta0/bT0/bz4	6.5876007080078125e-01	7.8939393455811278e-11	8.3451372244143505e+09
/SS/5/PX0PY-1PZ-2/b_X/eta0/bT0/bz5	3.8576221466064453e-01	7.0717907150830429e-11	4.5086179682245398e+09
/SS/5/PX0PY-1PZ0/b_X/eta0/bT0/bz-1	2.4078407287597656e+00	7.5942909326111915e-11	3.0087334802485546e+10
/SS/5/PX0PY-1PZ0/b_X/eta0/bT0/bz-2	2.0684852600097656e+00	7.6775743932060765e-11	2.4958983250382202e+10
/SS/5/PX0PY-1PZ0/b_X/eta0/bT0/bz-3	1.6387214660644531e+00	7.6341003579081897e-11	1.9387291877429039e+10
/SS/5/PX0PY-1PZ0/b_X/eta0/bT0/bz-4	1.2219276428222656e+00	1.3900632259771252e-10	2.3794395458579245e+09
/SS/5/PX0PY-1PZ0/b_X/eta0/bT0/bz-5	8.6649513244628906e-01	4.0250819043966851e-10	1.1214063633212695e+09
/SS/5/PX0PY-1PZ0/b_X/eta0/bT0/bz0	2.5166473388671875e+00	7.4002430995971014e-11	3.2797947384551571e+10
/SS/5/PX0PY-1PZ0/b_X/eta0/bT0/bz1	2.3309097290039062e+00	7.1606734186370151e-11	3.1675044821752312e+10
/SS/5/PX0PY-1PZ0/b_X/eta0/bT0/bz2	1.9478416442871094e+00	6.8820140432840923e-11	2.7790140361178825e+10
/SS/5/PX0PY-1PZ0/b_X/eta0/bT0/bz3	1.5173187255859375e+00	6.5830661751687968e-11	2.3006049744974236e+10
/SS/5/PX0PY-1PZ0/b_X/eta0/bT0/bz4	1.1560554504394531e+00	6.2531853826669602e-11	1.8487464863010342e+10
/SS/5/PX0PY-1PZ0/b_X/eta0/bT0/bz5	8.5596656799316406e-01	8.8177287685636313e-11	1.9304306257333901e+09
/SS/5/PX0PY-2PZ-1/b_X/eta0/bT0/bz-1	9.6154022216796875e-01	6.0749963689227238e-11	8.2947266475605211e+09
/SS/5/PX0PY-2PZ-1/b_X/eta0/bT0/bz-2	7.8930664062500000e-01	5.7423370830903146e-11	7.0026675497128925e+09
/SS/5/PX0PY-2PZ-1/b_X/eta0/bT0/bz-3	6.2058639526367188e-01	5.5814981927257161e-11	5.5081949946311941e+09
/SS/5/PX0PY-2PZ-1/b_X/eta0/bT0/bz-4	5.0325584411621094e-01	5.8829147529674918e-11	4.0279666038628616e+09
/SS/5/PX0PY-2PZ-1/b_X/eta0/bT0/bz-5	4.4255256652832031e-01	7.6071813342399545e-11	5.8175629984839373e+09
/SS/5/PX0PY-2PZ-1/b_X/eta0/bT0/bz0	1.0445175170898438e+00	6.1283801102707163e-11	9.0805700983527603e+09
/SS/5/PX0PY-2PZ-1/b_X/eta0/bT0/bz1	9.7026443481445312e-01	6.2633413138743838e-11	1.1840021579089672e+10
/SS/5/PX0PY-2PZ-1/b_X/eta0/bT0/bz2	7.7502250671386719e-01	6.8333501120501497e-11	9.7886938392925987e+09
/SS/5/PX0PY-2PZ-1/b_X/eta0/bT0/bz3	5.4211521148681641e-01	7.5704543705047679e-11	7.1609336105234365e+09
/SS/5/PX0PY-2PZ-1/b_X/eta0/bT0/bz4	4.1105270385742188e-01	8.4090777197206715e-11	4.8882019831192141e+09
/SS/5/PX0PY-2PZ-1/b_X/eta0/bT0/bz5	3.6062240600585938e-01	9.0273345057192289e-11	3.2835891258979764e+09
/SS/5/PX0PY-2PZ-2/b_X/eta0/bT0/bz-1	3.2009124755859375e-01	2.4903585150738381e-10	9.9877977119159305e+08
/SS/5/PX0PY-2PZ-2/b_X/eta0/bT0/bz-2	3.1879425048828125e-01	1.1210398927889417e-10	1.8140094553395996e+09
/SS/5/PX0PY-2PZ-2/b_X/eta0/bT0/bz-3	2.8213310241699219e-01	4.9738740425024260e-11	2.3309337714957438e+09
/SS/5/PX0PY-2PZ-2/b_X/eta0/bT0/bz-4	2.4357509613037109e-01	4.3741596884928275e-11	4.4822146641221685e+09
/SS/5/PX0PY-2PZ-2/b_X/eta0/bT0/bz-5	2.3874568939208984e-01	8.1414512293709101e-11	1.1630614959135997e+09
/SS/5/PX0PY-2PZ-2/b_X/eta0/bT0/bz0	3.4821701049804688e-01	3.3302569895822510e-11	1.0456160337996239e+10
/SS/5/PX0PY-2PZ-2/b_X/eta0/bT0/bz1	3.1311988830566406e-01	3.1458956064895950e-11	9.9532828635424614e+09
/SS/5/PX0PY-2PZ-2/b_X/eta0/bT0/bz2	2.0235252380371094e-01	6.4607179153602971e-11	1.1907795404839594e+09
/SS/5/PX0PY-2PZ-2/b_X/eta0/bT0/bz3	1.8261337280273438e-01	3.7776188089093201e-11	3.8257988630767689e+09
/SS/5/PX0PY-2PZ-2/b_X/eta0/bT0/bz4	1.9731044769287109e-01	5.6527735413655720e-11	3.4905068502922144e+09
/SS/5/PX0PY-2PZ-2/b_X/eta0/bT0/bz5	1.9431066513061523e-01	1.1559874576075001e-10	1.6809063441983364e+09
/SS/5/PX0PY-2PZ0/b_X/eta0/bT0/bz-1	7.6585006713867188e-01	5.4200503898300442e-11	1.4129943673137815e+10
/SS/5/PX0PY-2PZ0/b_X/eta0/bT0/bz-2	6.3178825378417969e-01	5.6370870235249604e-11	1.1207708008543612e+10
/SS/5/PX0PY-2PZ0/b_X/eta0/bT0/bz-3	4.8692703247070312e-01	5.8370537430804782e-11	7.9374642891667547e+09
/SS/5/PX0PY-2PZ0/b_X/eta0/bT0/bz-4	3.6325836181640625e-01	6.7436853517741846e-11	4.0137434436646967e+09
/SS/5/PX0PY-2PZ0/b_X/eta0/bT0/bz-5	2.5903892517089844e-01	7.8949911638499180e-11	2.2922092167378693e+09
/SS/5/PX0PY-2PZ0/b_X/eta0/bT0/bz0	8.2801628112792969e-01	5.4319355845926640e-11	1.5243484909440838e+10
/SS/5/PX0PY-2PZ0/b_X/eta0/bT0/bz1	7.8552436828613281e-01	5.7051370595082711e-11	1.3768720367146404e+10
/SS/5/PX0PY-2PZ0/b_X/eta0/bT0/bz2	6.5629577636718750e-01	5.9868289797945526e-11	1.0962327111433695e+10
/SS/5/PX0PY-2PZ0/b_X/eta0/bT0/bz3	4.7284507751464844e-01	7.9657753921492102e-11	2.6753557641828465e+09
/SS/5/PX0PY-2PZ0/b_X/eta0/bT0/bz4	3.6409568786621094e-01	8.9932595948983835e-11	8.2470882196377325e+08
/SS/5/PX0PY-2PZ0/b_X/eta0/bT0/bz5	2.1506500244140625e-01	4.0938620318674331e-11	5.2533524766418037e+09
/SS/5/PX0PY0PZ-1/b_X/eta0/bT0/bz-1	1.7030220031738281e+00	1.2493707979494524e-10	1.3631037366720411e+10
/SS/5/PX0PY0PZ-1/b_X/eta0/bT0/bz-2	1.4112014770507812e+00	1.4432963486042194e-10	9.5655896973095722e+09
/SS/5/PX0PY0PZ-1/b_X/eta0/bT0/bz-3	1.1439380645751953e+00	1.6379372222992948e-10	5.7336946011204414e+09
/SS/5/PX0PY0PZ-1/b_X/eta0/bT0/bz-4	7.6733207702636719e-01	1.7543886087533946e-10	4.3737862478006268e+09
/SS/5/PX0PY0PZ-1/b_X/eta0/bT0/bz-5	5.1951694488525391e-01	7.2006460102683879e-11	4.8596869697105589e+09
/SS/5/PX0PY0PZ-1/b_X/eta0/bT0/bz0	1.8443431854248047e+00	1.1516123677015771e-10	1.6015312418933125e+10
/SS/5/PX0PY0PZ-1/b_X/eta0/bT0/bz1	1.7434825897216797e+00	1.1357890086036600e-10	1.5350409068187046e+10
/SS/5/PX0PY0PZ-1/b_X/eta0/bT0/bz2	1.4567890167236328e+00	1.1609606799712637e-10	1.2548133988135511e+10
/SS/5/PX0PY0PZ-1/b_X/eta0/bT0/bz3	1.1074218750000000e+00	1.2241933893509795e-10	9.0461350684724140e+09
/SS/5/PX0PY0PZ-1/b_X/eta0/bT0/bz4	8.4148788452148438e-01	1.3468057585940594e-10	5.8473198796868048e+09
/SS/5/PX0PY0PZ-1/b_X/eta0/bT0/bz5	6.3875198364257812e-01	2.3493350007914409e-10	2.6479057111149783e+09
/SS/5/PX0PY0PZ-2/b_X/eta0/bT0/bz-1	1.1729164123535156e+00	2.5969855387479745e-10	3.1275165048121915e+09
/SS/5/PX0PY0PZ-2/b_X/eta0/bT0/bz-2	1.0158290863037109e+00	2.9461316686551450e-10	3.0011171404349909e+09
/SS/5/PX0PY0PZ-2/b_X/eta0/bT0/bz-3	7.9904365539550781e-01	2.7225004288806449e-10	1.6413415472227881e+09
/SS/5/PX0PY0PZ-2/b_X/eta0/bT0/bz-4	5.7369804382324219e-01	4.5331108218044811e-10	8.4430065066069853e+08
/SS/5/PX0PY0PZ-2/b_X/eta0/bT0/bz-5	4.3352937698364258e-01	2.2585372780951949e-10	7.1023548239594400e+08
/SS/5/PX0PY0PZ-2/b_X/eta0/bT0/bz0	1.1939277648925781e+00	2.5004710969699503e-10	3.9116736250471067e+09
/SS/5/PX0PY0PZ-2/b_X/eta0/bT0/bz1	1.1293401718139648e+00	2.9476825459927394e-10	3.4015108405948939e+09
/SS/5/PX0PY0PZ-2/b_X/eta0/bT0/bz2	9.3197870254516602e-01	1.3463860891980692e-09	5.1692821634609777e+08
/SS/5/PX0PY0PZ-2/b_X/eta0/bT0/bz3	6.3571500778198242e-01	4.2344816811575286e-10	1.5012817521699722e+09
/SS/5/PX0PY0PZ-2/b_X/eta0/bT0/bz4	3.4639739990234375e-01	1.2205470536406920e-10	2.1710705480603580e+09
/SS/5/PX0PY0PZ-2/b_X/eta0/bT0/bz5	3.8176417350769043e-01	1.8033967241663915e-10	2.1169173060584240e+09
/SS/5/PX0PY0PZ0/b_X/eta0/bT0/bz-1	2.7540435791015625e+00	8.4581111081492705e-11	3.1626302359535538e+10
/SS/5/PX0PY0PZ0/b_X/eta0/bT0/bz-2	2.2574119567871094e+00	8.4638382187851452e-11	2.4415250288808804e+10
/SS/5/PX0PY0PZ0/b_X/eta0/bT0/bz-3	1.7487182617187500e+00	8.6391792472940863e-11	1.9198095610357742e+10
/SS/5/PX0PY0PZ0/b_X/eta0/bT0/bz-4	1.3208065032958984e+00	8.5116860135109687e-11	1.5047075389862379e+10
/SS/5/PX0PY0PZ0/b_X/eta0/bT0/bz-5	9.9794387817382812e-01	8.1701698840455424e-11	1.0289523366561548e+10
/SS/5/PX0PY0PZ0/b_X/eta0/bT0/bz0	3.0011367797851562e+00	8.4800068040196953e-11	3.4004939883461147e+10
/SS/5/PX0PY0PZ0/b_X/eta0/bT0/bz1	2.8816757202148438e+00	8.5808636652393213e-11	3.2162174293254997e+10
/SS/5/PX0PY0PZ0/b_X/eta0/bT0/bz2	2.4932556152343750e+00	8.7600228070039698e-11	2.7142197127504906e+10
/SS/5/PX0PY0PZ0/b_X/eta0/bT0/bz3	2.0084266662597656e+00	8.9577844366978432e-11	2.1185493666464760e+10
/SS/5/PX0PY0PZ0/b_X/eta0/bT0/bz4	1.5345230102539062e+00	9.0010886014746771e-11	1.5878240297567005e+10
/SS/5/PX0PY0PZ0/b_X/eta0/bT0/bz5	1.1207733154296875e+00	1.1029350913039460e-10	6.6898526849274015e+09
/SS/5/PX0PY1PZ-1/b_X/eta0/bT0/bz-1	1.0245542526245117e+00	2.0146223357094277e-10	5.0855896634528570e+09
/SS/5/PX0PY1PZ-1/b_X/eta0/bT0/bz-2	9.0733718872070312e-01	2.0065127915654589e-10	4.5219606500131445e+09
/SS/5/PX0PY1PZ-1/b_X/eta0/bT0/bz-3	7.6813220977783203e-01	1.8049619755655970e-10	4.2556697602293401e+09
/SS/5/PX0PY1PZ-1/b_X/eta0/bT0/bz-4	6.3253688812255859e-01	1.5771214935378182e-10	4.0107048868102365e+09
/SS/5/PX0PY1PZ-1/b_X/eta0/bT0/bz-5	5.0596809387207031e-01	1.4724220787033885e-10	3.4362979283604918e+09
/SS/5/PX0PY1PZ-1/b_X/eta0/bT0/bz0	1.0560655593872070e+00	1.7481369621361624e-10	6.0410916436246033e+09
/SS/5/PX0PY1PZ-1/b_X/eta0/bT0/bz1	9.7087955474853516e-01	1.3119352586355423e-10	7.4003617812534685e+09
/SS/5/PX0PY1PZ-1/b_X/eta0/bT0/bz2	8.2370376586914062e-01	9.5856502608899904e-11	8.5930922102374191e+09
/SS/5/PX0PY1PZ-1/b_X/eta0/bT0/bz3	6.7757987976074219e-01	8.0429259934369306e-11	5.5346582621899242e+09
/SS/5/PX0PY1PZ-1/b_X/eta0/bT0/bz4	5.5351066589355469e-01	1.7542169718951764e-10	2.5018839866386123e+09
/SS/5/PX0PY1PZ-1/b_X/eta0/bT0/bz5	4.5058059692382812e-01	9.5473043651437186e-11	2.7174356514366202e+09
/SS/5/PX0PY1PZ-2/b_X/eta0/bT0/bz-1	5.5459475517272949e-01	4.1807542753349939e-10	1.3265423381724370e+09
/SS/5/PX0PY1PZ-2/b_X/eta0/bT0/bz-2	4.4922685623168945e-01	4.9111633395778445e-10	5.8239265145628726e+08
/SS/5/PX0PY1PZ-2/b_X/eta0/bT0/bz-3	3.5716199874877930e-01	2.9410020295171374e-10	7.1967461804176712e+08
/SS/5/PX0PY1PZ-2/b_X/eta0/bT0/bz-4	2.6247620582580566e-01	1.8207154844154667e-10	1.4416102245105724e+09
/SS/5/PX0PY1PZ-2/b_X/eta0/bT0/bz-5	1.8045711517333984e-01	1.2432683078988572e-10	1.3157903727478926e+09
/SS/5/PX0PY1PZ-2/b_X/eta0/bT0/bz0	6.5004563331604004e-01	4.3789583147679273e-10	8.8884261546376538e+08
/SS/5/PX0PY1PZ-2/b_X/eta0/bT0/bz1	6.2617683410644531e-01	2.3032228852815543e-10	2.7186983861090770e+09
/SS/5/PX0PY1PZ-2/b_X/eta0/bT0/bz2	5.1185655593872070e-01	1.6048473094785792e-10	3.1894408453413854e+09
/SS/5/PX0PY1PZ-2/b_X/eta0/bT0/bz3	4.1055297851562500e-01	2.4055417047363558e-10	1.3416157194429364e+09
/SS/5/PX0PY1PZ-2/b_X/eta0/bT0/bz4	4.5382690429687500e-01	3.0000039674708698e-10	1.1903365605570819e+09
/SS/5/PX0PY1PZ-2/b_X/eta0/bT0/bz5	4.2909431457519531e-01	2.4569158701374172e-10	1.2126741257666593e+09
/SS/5/PX0PY1PZ0/b_X/eta0/bT0/bz-1	1.4562950134277344e+00	6.3174788519398864e-10	2.2032546933577838e+09
/SS/5/PX0PY1PZ0/b_X/eta0/bT0/bz-2	1.2698440551757812e+00	2.6820628681789922e-10	3.6411139505481567e+09
/SS/5/PX0PY1PZ0/b_X/eta0/bT0/bz-3	9.3096733093261719e-01	1.9605330631221314e-10	3.5971545903319454e+09
/SS/5/PX0PY1PZ0/b_X/eta0/bT0/bz-4	5.9363079071044922e-01	1.1768179974794582e-10	3.5692911593130574e+09
/SS/5/PX0PY1PZ0/b_X/eta0/bT0/bz-5	3.5220527648925781e-01	6.1378735960133377e-11	3.4122837259267287e+09
/SS/5/PX0PY1PZ0/b_X/eta0/bT0/bz0	1.8172836303710938e+00	1.6063481336532635e-09	1.1313136874247220e+09
/SS/5/PX0PY1PZ0/b_X/eta0/bT0/bz1	1.5273798704147339e+00	6.6191493551096775e-09	2.3075168552219889e+08
/SS/5/PX0PY1PZ0/b_X/eta0/bT0/bz2	1.1221675872802734e+00	6.1060103470723224e-10	1.2236502416200447e+09
/SS/5/PX0PY1PZ0/b_X/eta0/bT0/bz3	8.2823991775512695e-01	3.0519057387429656e-10	2.3761020119634314e+09
/SS/5/PX0PY1PZ0/b_X/eta0/bT0/bz4	5.7607650756835938e-01	2.7400503801701460e-10	1.9115902265796449e+09
/SS/5/PX0PY1PZ0/b_X/eta0/bT0/bz5	4.6884632110595703e-01	2.5683155795443777e-10	1.4790644022074428e+09
/SS/5/PX0PY2PZ-1/b_X/eta0/bT0/bz-1	9.6247673034667969e-01	1.2355740080058009e-09	3.8876934339073181e+08
/SS/5/PX0PY2PZ-1/b_X/eta0/bT0/bz-2	6.3433933258056641e-01	1.8821518119796172e-10	2.1731304018698668e+09
/SS/5/PX0PY2PZ-1/b_X/eta0/bT0/bz-3	3.9176559448242188e-01	8.7244861495960547e-11	3.1742992617542181e+09
/SS/5/PX0PY2PZ-1/b_X/eta0/bT0/bz-4	3.1565475463867188e-01	8.7093851006745852e-11	1.5841637817433848e+09
/SS/5/PX0PY2PZ-1/b_X/eta0/bT0/bz-5	3.0251359939575195e-01	2.0468135622663559e-10	9.2024675174561846e+08
/SS/5/PX0PY2PZ-1/b_X/eta0/bT0/bz0	1.1406984329223633e+00	2.4289482742428389e-10	2.0822875790934396e+09
/SS/5/PX0PY2PZ-1/b_X/eta0/bT0/bz1	1.1383571624755859e+00	1.1620378452103798e-10	9.7962141867203426e+09
/SS/5/PX0PY2PZ-1/b_X/eta0/bT0/bz2	1.0200538635253906e+00	1.0584251355020641e-10	9.6374682470246506e+09
/SS/5/PX0PY2PZ-1/b_X/eta0/bT0/bz3	8.5718536376953125e-01	1.3060288741325585e-10	1.3427488624705720e+09
/SS/5/PX0PY2PZ-1/b_X/eta0/bT0/bz4	6.8571281433105469e-01	1.3880769393113239e-10	8.4895239735826349e+08
/SS/5/PX0PY2PZ-1/b_X/eta0/bT0/bz5	5.1437950134277344e-01	1.1204707750791391e-10	4.3004045601054649e+09
/SS/5/PX0PY2PZ-2/b_X/eta0/bT0/bz-1	4.7484588623046875e-01	1.6262261540074002e-09	2.4292077531313163e+08
/SS/5/PX0PY2PZ-2/b_X/eta0/bT0/bz-2	4.3839645385742188e-01	3.5364746711260521e-10	9.3143656438359308e+08
/SS/5/PX0PY2PZ-2/b_X/eta0/bT0/bz-3	4.0567588806152344e-01	6.2084096137253049e-10	4.5747214073798692e+08
/SS/5/PX0PY2PZ-2/b_X/eta0/bT0/bz-4	3.6087417602539062e-01	2.2810155552465098e-10	6.3186032322231305e+08
/SS/5/PX0PY2PZ-2/b_X/eta0/bT0/bz-5	3.0689048767089844e-01	6.5700185158318272e-11	1.1574772071668108e+09
/SS/5/PX0PY2PZ-2/b_X/eta0/bT0/bz0	5.8625602722167969e-01	7.5835916863139429e-10	5.6073322034190333e+08
/SS/5/PX0PY2PZ-2/b_X/eta0/bT0/bz1	6.4436340332031250e-01	2.2853369673853844e-10	1.7990145040831473e+09
/SS/5/PX0PY2PZ-2/b_X/eta0/bT0/bz2	6.1967086791992188e-01	1.2859026056511210e-10	3.0154929438075113e+09
/SS/5/PX0PY2PZ-2/b_X/eta0/bT0/bz3	5.3762626647949219e-01	9.9113722966098046e-11	3.8230935193657756e+09
/SS/5/PX0PY2PZ-2/b_X/eta0/bT0/bz4	4.2964839935302734e-01	9.0392592852936439e-11	3.5316061111839757e+09
/SS/5/PX0PY2PZ-2/b_X/eta0/bT0/bz5	3.2100868225097656e-01	7.6010086582812165e-11	3.4062294439082813e+09
/SS/5/PX0PY2PZ0/b_X/eta0/bT0/bz-1	9.0187454223632812e-01	6.2351644420582453e-11	1.4464326492383844e+10
/SS/5/PX0PY2PZ0/b_X/eta0/bT0/bz-2	7.3494338989257812e-01	6.7009556481270882e-11	1.0967739953598921e+10
/SS/5/PX0PY2PZ0/b_X/eta0/bT0/bz-3	5.9069824218750000e-01	8.5751602974910891e-11	6.8884804679432735e+09
/SS/5/PX0PY2PZ0/b_X/eta0/bT0/bz-4	4.9213647842407227e-01	1.5338717160726622e-10	3.2084591773042307e+09
/SS/5/PX0PY2PZ0/b_X/eta0/bT0/bz-5	3.1241226196289062e-01	8.4843103517073718e-11	3.0865421451147699e+09
/SS/5/PX0PY2PZ0/b_X/eta0/bT0/bz0	9.8433494567871094e-01	5.7925755625126425e-11	1.6993044545658659e+10
/SS/5/PX0PY2PZ0/b_X/eta0/bT0/bz1	9.6706390380859375e-01	5.6017342207242485e-11	1.7263652035307774e+10
/SS/5/PX0PY2PZ0/b_X/eta0/bT0/bz2	8.7030601501464844e-01	5.4772082208289554e-11	1.5889591556972630e+10
/SS/5/PX0PY2PZ0/b_X/eta0/bT0/bz3	7.3987579345703125e-01	5.3234064749153215e-11	1.3898540285124485e+10
/SS/5/PX0PY2PZ0/b_X/eta0/bT0/bz4	6.1080932617187500e-01	5.1360803756450029e-11	1.1892518837288794e+10
/SS/5/PX0PY2PZ0/b_X/eta0/bT0/bz5	4.9457168579101562e-01	5.6448481747498574e-11	5.9717329888160372e+09
/SS/5/PX1PY-1PZ-1/b_X/eta0/bT0/bz-1	1.5923557281494141e+00	2.7699318896813927e-10	5.6411154027274647e+09
/SS/5/PX1PY-1PZ-1/b_X/eta0/bT0/bz-2	1.3664417266845703e+00	2.8936821150965285e-10	4.6504145605508204e+09
/SS/5/PX1PY-1PZ-1/b_X/eta0/bT0/bz-3	1.1174030303955078e+00	3.0491232628347417e-10	3.4307414096246367e+09
/SS/5/PX1PY-1PZ-1/b_X/eta0/bT0/bz-4	8.4571409225463867e-01	2.9903361503700948e-10	2.3773974851817012e+09
/SS/5/PX1PY-1PZ-1/b_X/eta0/bT0/bz-5	5.1429176330566406e-01	2.0744719528931912e-10	1.6313498965329869e+09
/SS/5/PX1PY-1PZ-1/b_X/eta0/bT0/bz0	1.6845502853393555e+00	2.7403320570309219e-10	5.9233817063271847e+09
/SS/5/PX1PY-1PZ-1/b_X/eta0/bT0/bz1	1.5502128601074219e+00	2.9370487091443324e-10	5.1834472894545441e+09
/SS/5/PX1PY-1PZ-1/b_X/eta0/bT0/bz2	1.3464894294738770e+00	3.5199517301586801e-10	3.8253065175219803e+09
/SS/5/PX1PY-1PZ-1/b_X/eta0/bT0/bz3	1.0919065475463867e+00	4.1941587785693011e-10	2.6033982145016804e+09
/SS/5/PX1PY-1PZ-1/b_X/eta0/bT0/bz4	6.1825180053710938e-01	2.6027580109318097e-10	2.3753718092131429e+09
/SS/5/PX1PY-1PZ-1/b_X/eta0/bT0/bz5	5.1101779937744141e-01	1.0807897849715374e-10	4.7281886494782057e+09
/SS/5/PX1PY-1PZ-2/b_X/eta0/bT0/bz-1	6.4269733428955078e-01	3.8910429537599462e-10	9.1563059345306540e+08
/SS/5/PX1PY-1PZ-2/b_X/eta0/bT0/bz-2	5.5518674850463867e-01	3.9193153928358512e-10	7.5849087682660389e+08
/SS/5/PX1PY-1PZ-2/b_X/eta0/bT0/bz-3	5.0907087326049805e-01	4.0731370497131340e-10	5.8729774470871556e+08
/SS/5/PX1PY-1PZ-2/b_X/eta0/bT0/bz-4	3.7243294715881348e-01	2.2480682895111096e-10	1.6566798655382793e+09
/SS/5/PX1PY-1PZ-2/b_X/eta0/bT0/bz-5	3.3236193656921387e-01	2.8962475203630577e-10	9.4871248245592856e+08
/SS/5/PX1PY-1PZ-2/b_X/eta0/bT0/bz0	7.2449588775634766e-01	2.4420831477396992e-10	2.3530253408887858e+09
/SS/5/PX1PY-1PZ-2/b_X/eta0/bT0/bz1	7.3480892181396484e-01	2.5367463703023451e-10	2.1525983632111788e+09
/SS/5/PX1PY-1PZ-2/b_X/eta0/bT0/bz2	6.8461418151855469e-01	2.4809405073761377e-10	1.5103847628336272e+09
/SS/5/PX1PY-1PZ-2/b_X/eta0/bT0/bz3	5.9792232513427734e-01	2.5504901131203103e-10	1.5812228246253667e+09
/SS/5/PX1PY-1PZ-2/b_X/eta0/bT0/bz4	4.9879312515258789e-01	1.0875822559429529e-09	3.6826088732703018e+08
/SS/5/PX1PY-1PZ-2/b_X/eta0/bT0/bz5	4.0656232833862305e-01	3.2588908137431223e-10	8.4013760032905674e+08
/SS/5/PX1PY-1PZ0/b_X/eta0/bT0/bz-1	2.3051681518554688e+00	4.4749709639379226e-11	3.0211404945774040e+10
/SS/5/PX1PY-1PZ0/b_X/eta0/bT0/bz-2	1.9569854736328125e+00	4.4060152823402541e-11	2.5021764517555523e+10
/SS/5/PX1PY-1PZ0/b_X/eta0/bT0/bz-3	1.5610046386718750e+00	4.5025181548031941e-11	3.0676904963915802e+10
/SS/5/PX1PY-1PZ0/b_X/eta0/bT0/bz-4	1.1919403076171875e+00	5.0342255922268236e-11	1.4166524858311436e+10
/SS/5/PX1PY-1PZ0/b_X/eta0/bT0/bz-5	8.7952423095703125e-01	6.5083081271015606e-11	8.6883705577696819e+09
/SS/5/PX1PY-1PZ0/b_X/eta0/bT0/bz0	2.4747924804687500e+00	4.4725043420377024e-11	3.2962705234174923e+10
/SS/5/PX1PY-1PZ0/b_X/eta0/bT0/bz1	2.3693161010742188e+00	4.4571310133414844e-11	5.3157874291380920e+10
/SS/5/PX1PY-1PZ0/b_X/eta0/bT0/bz2	2.0516510009765625e+00	4.6343917860201130e-11	4.4270124230011711e+10
/SS/5/PX1PY-1PZ0/b_X/eta0/bT0/bz3	1.6547431945800781e+00	4.8610137149649234e-11	3.4041113471575932e+10
/SS/5/PX1PY-1PZ0/b_X/eta0/bT0/bz4	1.2748298645019531e+00	5.1340491921638544e-11	2.4830885267864933e+10
/SS/5/PX1PY-1PZ0/b_X/eta0/bT0/bz5	9.5001602172851562e-01	5.4012398268346132e-11	1.7588850933976593e+10
/SS/5/PX1PY-2PZ-1/b_X/eta0/bT0/bz-1	9.4110584259033203e-01	1.7785020061117855e-10	5.2915646952111454e+09
/SS/5/PX1PY-2PZ-1/b_X/eta0/bT0/bz-2	7.6439380645751953e-01	1.6879808741837458e-10	2.8636938197989769e+09
/SS/5/PX1PY-2PZ-1/b_X/eta0/bT0/bz-3	5.7131576538085938e-01	2.3787385518510052e-10	1.1649766661106780e+09
/SS/5/PX1PY-2PZ-1/b_X/eta0/bT0/bz-4	4.0543365478515625e-01	2.3625144783318843e-10	1.2061807090352187e+09
/SS/5/PX1PY-2PZ-1/b_X/eta0/bT0/bz-5	2.7089262008666992e-01	1.0829284132553493e-10	2.3328873731994357e+09
/SS/5/PX1PY-2PZ-1/b_X/eta0/bT0/bz0	1.0177297592163086e+00	2.1888476643900220e-10	4.6496143873946791e+09
/SS/5/PX1PY-2PZ-1/b_X/eta0/bT0/bz1	1.0066051483154297e+00	2.4410291230872582e-10	3.8580627563948398e+09
/SS/5/PX1PY-2PZ-1/b_X/eta0/bT0/bz2	9.1209697723388672e-01	2.5377159630690868e-10	3.5941649518995271e+09
/SS/5/PX1PY-2PZ-1/b_X/eta0/bT0/bz3	7.9857563972473145e-01	4.2329050688139813e-10	1.8865900055454931e+09
/SS/5/PX1PY-2PZ-1/b_X/eta0/bT0/bz4	6.6159939765930176e-01	5.6396220209883449e-10	1.1731271975268943e+09
/SS/5/PX1PY-2PZ-1/b_X/eta0/bT0/bz5	3.8319110870361328e-01	3.6628528950446612e-10	6.5413086333245909e+08
/SS/5/PX1PY-2PZ-2/b_X/eta0/bT0/bz-1	7.9257202148437500e-01	7.3778276190304263e-11	7.9375658620985403e+09
/SS/5/PX1PY-2PZ-2/b_X/eta0/bT0/bz-2	6.6268730163574219e-01	7.1138256226791586e-11	7.0752464379379807e+09
/SS/5/PX1PY-2PZ-2/b_X/eta0/bT0/bz-3	4.8366737365722656e-01	6.9136915980260999e-11	5.5920996194824867e+09
/SS/5/PX1PY-2PZ-2/b_X/eta0/bT0/bz-4	3.4138107299804688e-01	7.5546062367223603e-11	4.2507624926459465e+09
/SS/5/PX1PY-2PZ-2/b_X/eta0/bT0/bz-5	2.9826211929321289e-01	9.3898030498870799e-11	1.3686960786274328e+09
/SS/5/PX1PY-2PZ-2/b_X/eta0/bT0/bz0	8.0665779113769531e-01	6.6351747500097297e-11	8.0507539737043028e+09
/SS/5/PX1PY-2PZ-2/b_X/eta0/bT0/bz1	7.0010948181152344e-01	4.7788006407627500e-11	7.8553592912410383e+09
/SS/5/PX1PY-2PZ-2/b_X/eta0/bT0/bz2	5.4307746887207031e-01	4.2929197364049518e-11	1.2650538612838432e+10
/SS/5/PX1PY-2PZ-2/b_X/eta0/bT0/bz3	4.0996551513671875e-01	4.1015694144659685e-11	9.9953328521223373e+09
/SS/5/PX1PY-2PZ-2/b_X/eta0/bT0/bz4	2.8041267395019531e-01	7.0843492315254969e-11	3.3519043950293684e+09
/SS/5/PX1PY-2PZ-2/b_X/eta0/bT0/bz5	3.4531664848327637e-01	1.6522031057971072e-10	2.0900375218498211e+09
/SS/5/PX1PY-2PZ0/b_X/eta0/bT0/bz-1	3.8918304443359375e-01	3.7829831612681907e-11	8.4258496676532364e+09
/SS/5/PX1PY-2PZ0/b_X/eta0/bT0/bz-2	3.3881187438964844e-01	4.9809236466602023e-11	5.3397581512127733e+09
/SS/5/PX1PY-2PZ0/b_X/eta0/bT0/bz-3	3.2122898101806641e-01	8.5869820027544619e-11	2.2306829967932997e+09
/SS/5/PX1PY-2PZ0/b_X/eta0/bT0/bz-4	2.2148227691650391e-01	1.3951823021378697e-10	6.2794323982602966e+08
/SS/5/PX1PY-2PZ0/b_X/eta0/bT0/bz-5	2.1245217323303223e-01	1.3753518551097118e-10	1.1492111914765444e+09
/SS/5/PX1PY-2PZ0/b_X/eta0/bT0/bz0	3.9671897888183594e-01	4.0414469980709684e-11	9.8162608360618038e+09
/SS/5/PX1PY-2PZ0/b_X/eta0/bT0/bz1	2.9786109924316406e-01	3.8987798492281195e-11	7.5886332818505917e+09
/SS/5/PX1PY-2PZ0/b_X/eta0/bT0/bz2	2.4883460998535156e-01	2.4397978271451106e-11	6.1877875138003988e+09
/SS/5/PX1PY-2PZ0/b_X/eta0/bT0/bz3	3.1029558181762695e-01	9.0814088027947514e-11	3.4168220873630891e+09
/SS/5/PX1PY-2PZ0/b_X/eta0/bT0/bz4	4.6466660499572754e-01	4.9331427166453733e-10	7.1282241334516394e+08
/SS/5/PX1PY-2PZ0/b_X/eta0/bT0/bz5	2.6096558570861816e-01	1.4029021968872784e-10	1.8601837411591597e+09
/SS/5/PX1PY0PZ-1/b_X/eta0/bT0/bz-1	1.1093482971191406e+00	1.7891768586530647e-10	5.6083299311014042e+09
/SS/5/PX1PY0PZ-1/b_X/eta0/bT0/bz-2	9.9554061889648438e-01	1.6447435736199999e-10	5.1952796402826252e+09
/SS/5/PX1PY0PZ-1/b_X/eta0/bT0/bz-3	8.1083774566650391e-01	1.5979075193535738e-10	4.1547483427230039e+09
/SS/5/PX1PY0PZ-1/b_X/eta0/bT0/bz-4	6.4729595184326172e-01	1.3562261347491243e-10	3.2661872088858714e+09
/SS/5/PX1PY0PZ-1/b_X/eta0/bT0/bz-5	5.2618408203125000e-01	1.1826876539687524e-10	2.7387760900620275e+09
/SS/5/PX1PY0PZ-1/b_X/eta0/bT0/bz0	1.1444358825683594e+00	1.8389150964127752e-10	5.3071755240183296e+09
/SS/5/PX1PY0PZ-1/b_X/eta0/bT0/bz1	1.0861568450927734e+00	1.3566864148703008e-10	4.9512901619178228e+09
/SS/5/PX1PY0PZ-1/b_X/eta0/bT0/bz2	9.3799400329589844e-01	9.0896934654533470e-11	9.3806946828545818e+09
/SS/5/PX1PY0PZ-1/b_X/eta0/bT0/bz3	7.4307632446289062e-01	9.0995075189970380e-11	7.3215129199187222e+09
/SS/5/PX1PY0PZ-1/b_X/eta0/bT0/bz4	5.5080795288085938e-01	9.0425472506309590e-11	5.3420458716543665e+09
/SS/5/PX1PY0PZ-1/b_X/eta0/bT0/bz5	3.9453697204589844e-01	9.0076384755110984e-11	3.6986748782085233e+09
/SS/5/PX1PY0PZ-2/b_X/eta0/bT0/bz-1	9.5594978332519531e-01	3.5341652889121904e-10	2.1254447258591268e+09
/SS/5/PX1PY0PZ-2/b_X/eta0/bT0/bz-2	7.1649265289306641e-01	1.5456254471081153e-10	4.6304148704551840e+09
/SS/5/PX1PY0PZ-2/b_X/eta0/bT0/bz-3	5.2246856689453125e-01	9.7233889517679754e-11	3.9458498672712846e+09
/SS/5/PX1PY0PZ-2/b_X/eta0/bT0/bz-4	3.1848812103271484e-01	6.9622907608118699e-11	4.4127305977201710e+09
/SS/5/PX1PY0PZ-2/b_X/eta0/bT0/bz-5	3.2004451751708984e-01	8.4412305900285053e-11	3.7914438434504261e+09
/SS/5/PX1PY0PZ-2/b_X/eta0/bT0/bz0	1.0143346786499023e+00	2.4483775545811768e-10	3.5174210366667495e+09
/SS/5/PX1PY0PZ-2/b_X/eta0/bT0/bz1	8.9966106414794922e-01	1.7312841195089087e-10	4.5085693234739923e+09
/SS/5/PX1PY0PZ-2/b_X/eta0/bT0/bz2	6.8811035156250000e-01	1.3098683482899514e-10	4.6232006700289879e+09
/SS/5/PX1PY0PZ-2/b_X/eta0/bT0/bz3	4.6917629241943359e-01	1.0090479282029797e-10	3.9550889297931404e+09
/SS/5/PX1PY0PZ-2/b_X/eta0/bT0/bz4	2.9368400573730469e-01	7.6301698074764289e-11	2.7295601302730918e+09
/SS/5/PX1PY0PZ-2/b_X/eta0/bT0/bz5	1.7506599426269531e-01	1.5507253153594173e-10	9.4670095026704979e+08
/SS/5/PX1PY0PZ0/b_X/eta0/bT0/bz-1	1.6842727661132812e+00	4.9665048807524177e-11	1.9334616440444855e+10
/SS/5/PX1PY0PZ0/b_X/eta0/bT0/bz-2	1.4317626953125000e+00	4.6105709256033642e-11	1.6993695706569860e+10
/SS/5/PX1PY0PZ0/b_X/eta0/bT0/bz-3	1.1553573608398438e+00	4.1413134446569237e-11	1.3485283653444860e+10
/SS/5/PX1PY0PZ0/b_X/eta0/bT0/bz-4	9.1368103027343750e-01	4.3334491983454057e-11	2.3723188061116948e+09
/SS/5/PX1PY0PZ0/b_X/eta0/bT0/bz-5	7.1969604492187500e-01	6.0791268076517347e-11	1.9983131120943046e+09
/SS/5/PX1PY0PZ0/b_X/eta0/bT0/bz0	1.7989730834960938e+00	5.3235076907134788e-11	1.9260771711079403e+10
/SS/5/PX1PY0PZ0/b_X/eta0/bT0/bz1	1.6898040771484375e+00	5.4512443934404044e-11	1.7187341331463890e+10
/SS/5/PX1PY0PZ0/b_X/eta0/bT0/bz2	1.4164123535156250e+00	5.4723973271707834e-11	1.3798519037317320e+10
/SS/5/PX1PY0PZ0/b_X/eta0/bT0/bz3	1.1369094848632812e+00	5.2166635102704918e-11	1.0337604281621481e+10
/SS/5/PX1PY0PZ0/b_X/eta0/bT0/bz4	8.6390686035156250e-01	4.1315405724806998e-11	7.5678501728053532e+09
/SS/5/PX1PY0PZ0/b_X/eta0/bT0/bz5	6.3582992553710938e-01	3.0246835380749027e-11	9.7646918999784889e+09
/SS/5/PX1PY1PZ-1/b_X/eta0/bT0/bz-1	1.3783607482910156e+00	1.0325902220403496e-10	8.8055838805897808e+09
/SS/5/PX1PY1PZ-1/b_X/eta0/bT0/bz-2	1.2608146667480469e+00	1.3114283663620331e-10	6.0427712558452139e+09
/SS/5/PX1PY1PZ-1/b_X/eta0/bT0/bz-3	1.0851516723632812e+00	1.9741932261752169e-10	3.2070053728491058e+09
/SS/5/PX1PY1PZ-1/b_X/eta0/bT0/bz-4	8.9270591735839844e-01	1.4581608229150764e-10	1.7507100915829813e+09
/SS/5/PX1PY1PZ-1/b_X/eta0/bT0/bz-5	6.9845581054687500e-01	2.4760946970718453e-10	1.9285823291308413e+09
/SS/5/PX1PY1PZ-1/b_X/eta0/bT0/bz0	1.3882751464843750e+00	9.1610784055448522e-11	1.0280523225768385e+10
/SS/5/PX1PY1PZ-1/b_X/eta0/bT0/bz1	1.2807502746582031e+00	8.7594880599075184e-11	9.9000010208106670e+09
/SS/5/PX1PY1PZ-1/b_X/eta0/bT0/bz2	1.1035423278808594e+00	8.4105243338557536e-11	8.5703215903861561e+09
/SS/5/PX1PY1PZ-1/b_X/eta0/bT0/bz3	9.1869926452636719e-01	8.1542390502064866e-11	1.1115488628964647e+10
/SS/5/PX1PY1PZ-1/b_X/eta0/bT0/bz4	7.5556755065917969e-01	1.0445913080794560e-10	4.4524070107410641e+09
/SS/5/PX1PY1PZ-1/b_X/eta0/bT0/bz5	5.7425117492675781e-01	2.3009945849226195e-10	2.2447457352646356e+09
/SS/5/PX1PY1PZ-2/b_X/eta0/bT0/bz-1	8.6358642578125000e-01	5.5617861444180897e-11	1.5527141881353369e+10
/SS/5/PX1PY1PZ-2/b_X/eta0/bT0/bz-2	7.4654579162597656e-01	6.1249753992243096e-11	1.2188551675171167e+10
/SS/5/PX1PY1PZ-2/b_X/eta0/bT0/bz-3	5.8890819549560547e-01	7.1387090357014874e-11	7.8316164226346531e+09
/SS/5/PX1PY1PZ-2/b_X/eta0/bT0/bz-4	4.2836189270019531e-01	8.8198791728561552e-11	4.8567773356636381e+09
/SS/5/PX1PY1PZ-2/b_X/eta0/bT0/bz-5	2.8490209579467773e-01	1.0118865163745176e-10	2.7113023338499250e+09
/SS/5/PX1PY1PZ-2/b_X/eta0/bT0/bz0	9.0065193176269531e-01	5.6086873395113064e-11	1.4908959062904755e+10
/SS/5/PX1PY1PZ-2/b_X/eta0/bT0/bz1	8.3566474914550781e-01	5.7843338108696882e-11	1.3765751512242853e+10
/SS/5/PX1PY1PZ-2/b_X/eta0/bT0/bz2	6.8232345581054688e-01	5.3628198938655013e-11	1.2723221538561321e+10
/SS/5/PX1PY1PZ-2/b_X/eta0/bT0/bz3	4.9910354614257812e-01	5.4199761341484283e-11	9.2085930599950123e+09
/SS/5/PX1PY1PZ-2/b_X/eta0/bT0/bz4	3.4429931640625000e-01	6.2584447848892960e-11	4.1321350020874085e+09
/SS/5/PX1PY1PZ-2/b_X/eta0/bT0/bz5	2.6522636413574219e-01	1.1521064623189478e-10	1.5461733728155503e+09
/SS/5/PX1PY1PZ0/b_X/eta0/bT0/bz-1	1.9575500488281250e+00	1.2321239166273111e-10	1.3090758384977201e+10
/SS/5/PX1PY1PZ0/b_X/eta0/bT0/bz-2	1.5971221923828125e+00	1.2468839807738135e-10	1.0180177718636877e+10
/SS/5/PX1PY1PZ0/b_X/eta0/bT0/bz-3	1.2095909118652344e+00	1.2841311668041844e-10	6.8112720869695168e+09
/SS/5/PX1PY1PZ0/b_X/eta0/bT0/bz-4	8.7365722656250000e-01	1.5202839838105348e-10	3.5149193639530411e+09
/SS/5/PX1PY1PZ0/b_X/eta0/bT0/bz-5	6.1958694458007812e-01	4.9275556176438186e-10	6.0751924556125855e+08
/SS/5/PX1PY1PZ0/b_X/eta0/bT0/bz0	2.1479187011718750e+00	1.1926708121055283e-10	1.4715090248156212e+10
/SS/5/PX1PY1PZ0/b_X/eta0/bT0/bz1	2.0089836120605469e+00	1.1393130165581350e-10	1.4258527916860502e+10
/SS/5/PX1PY1PZ0/b_X/eta0/bT0/bz2	1.6688003540039062e+00	1.0873598029494288e-10	1.2119777017563971e+10
/SS/5/PX1PY1PZ0/b_X/eta0/bT0/bz3	1.2903175354003906e+00	1.0336998630615700e-10	9.4351310936581802e+09
/SS/5/PX1PY1PZ0/b_X/eta0/bT0/bz4	9.5269393920898438e-01	1.1120992583978979e-10	2.5958636017876983e+09
/SS/5/PX1PY1PZ0/b_X/eta0/bT0/bz5	6.7494773864746094e-01	2.1825434094854881e-10	8.7982844185221219e+08
/SS/5/PX1PY2PZ-1/b_X/eta0/bT0/bz-1	8.7957000732421875e-01	2.3212144205871319e-10	1.7889591814760818e+09
/SS/5/PX1PY2PZ-1/b_X/eta0/bT0/bz-2	8.0545043945312500e-01	3.2748189377848854e-10	9.8126645875598681e+08
/SS/5/PX1PY2PZ-1/b_X/eta0/bT0/bz-3	6.9441986083984375e-01	4.1749511984667414e-10	5.2799111061841857e+08
/SS/5/PX1PY2PZ-1/b_X/eta0/bT0/bz-4	5.7353591918945312e-01	4.5862406503596866e-11	8.5993058598331749e+08
/SS/5/PX1PY2PZ-1/b_X/eta0/bT0/bz-5	4.5966720581054688e-01	4.3789026461697410e-11	1.0497315034227154e+10
/SS/5/PX1PY2PZ-1/b_X/eta0/bT0/bz0	8.8448715209960938e-01	1.9188153111790162e-10	2.6842353018304381e+09
/SS/5/PX1PY2PZ-1/b_X/eta0/bT0/bz1	8.2843399047851562e-01	1.4500838824736606e-10	3.6667938753758445e+09
/SS/5/PX1PY2PZ-1/b_X/eta0/bT0/bz2	7.1279525756835938e-01	1.1132783112860447e-10	4.3304322094940386e+09
/SS/5/PX1PY2PZ-1/b_X/eta0/bT0/bz3	5.7074737548828125e-01	1.0230349851492819e-10	2.8730297406402235e+09
/SS/5/PX1PY2PZ-1/b_X/eta0/bT0/bz4	4.8913383483886719e-01	1.0096138859971584e-10	3.7590507719042921e+09
/SS/5/PX1PY2PZ-1/b_X/eta0/bT0/bz5	4.2127132415771484e-01	1.1521093304376372e-10	2.8629367461527152e+09
/SS/5/PX1PY2PZ-2/b_X/eta0/bT0/bz-1	5.6896972656250000e-01	5.0932984137670728e-11	6.5611120744200058e+09
/SS/5/PX1PY2PZ-2/b_X/eta0/bT0/bz-2	4.7555923461914062e-01	5.4529630351683034e-11	4.7024524990766182e+09
/SS/5/PX1PY2PZ-2/b_X/eta0/bT0/bz-3	3.7654113769531250e-01	5.3038591178374461e-11	3.5650637806774931e+09
/SS/5/PX1PY2PZ-2/b_X/eta0/bT0/bz-4	2.8064537048339844e-01	4.8108954484065907e-11	9.9249651420287883e+08
/SS/5/PX1PY2PZ-2/b_X/eta0/bT0/bz-5	2.6016616821289062e-01	5.9990433434792679e-11	4.3367942739683876e+09
/SS/5/PX1PY2PZ-2/b_X/eta0/bT0/bz0	6.2429809570312500e-01	4.8474760547868768e-11	7.8509769223837204e+09
/SS/5/PX1PY2PZ-2/b_X/eta0/bT0/bz1	6.0466384887695312e-01	4.7675519027991561e-11	3.9361466204318895e+09
/SS/5/PX1PY2PZ-2/b_X/eta0/bT0/bz2	5.1450729370117188e-01	1.3269642439570854e-10	1.8440404247146759e+09
/SS/5/PX1PY2PZ-2/b_X/eta0/bT0/bz3	4.0040206909179688e-01	1.7984661150414959e-10	7.3213315501338184e+08
/SS/5/PX1PY2PZ-2/b_X/eta0/bT0/bz4	2.8785705566406250e-01	2.1835512553598546e-10	5.5319891910475492e+08
/SS/5/PX1PY2PZ-2/b_X/eta0/bT0/bz5	2.3158264160156250e-01	1.0964910524774153e-10	2.1120340296286409e+09
/SS/5/PX1PY2PZ0/b_X/eta0/bT0/bz-1	1.5128860473632812e+00	1.5735436987285214e-10	3.8928831786521177e+09
/SS/5/PX1PY2PZ0/b_X/eta0/bT0/bz-2	1.1807136535644531e+00	1.3801151583276692e-10	5.2693088635524092e+09
/SS/5/PX1PY2PZ0/b_X/eta0/bT0/bz-3	8.4127712249755859e-01	1.4613371290689390e-10	2.9379673072971668e+09
/SS/5/PX1PY2PZ0/b_X/eta0/bT0/bz-4	6.7933177947998047e-01	4.9383221685434928e-10	4.7214842840485305e+08
/SS/5/PX1PY2PZ0/b_X/eta0/bT0/bz-5	6.0482168197631836e-01	7.9883944581545089e-10	5.5952761235933518e+08
/SS/5/PX1PY2PZ0/b_X/eta0/bT0/bz0	1.6996269226074219e+00	1.1696032258717940e-10	8.8122981939768696e+09
/SS/5/PX1PY2PZ0/b_X/eta0/bT0/bz1	1.6608390808105469e+00	1.1160395099518383e-10	9.0985854065131149e+09
/SS/5/PX1PY2PZ0/b_X/eta0/bT0/bz2	1.4712066650390625e+00	1.0946153101191786e-10	7.0483352568340998e+09
/SS/5/PX1PY2PZ0/b_X/eta0/bT0/bz3	1.2510299682617188e+00	1.1647373503547150e-10	4.7416980908197432e+09
/SS/5/PX1PY2PZ0/b_X/eta0/bT0/bz4	1.0530033111572266e+00	1.2438006334770432e-10	4.1070004156113925e+09
/SS/5/PX1PY2PZ0/b_X/eta0/bT0/bz5	8.6861228942871094e-01	1.4469332634884630e-10	2.3921291646203804e+09
/SS/5/PX2PY-1PZ-1/b_X/eta0/bT0/bz-1	8.9784431457519531e-01	7.6342262190542093e-11	1.1760776911932112e+10
/SS/5/PX2PY-1PZ-1/b_X/eta0/bT0/bz-2	7.5437355041503906e-01	7.9599479697006933e-11	9.4771166003413544e+09
/SS/5/PX2PY-1PZ-1/b_X/eta0/bT0/bz-3	6.2833213806152344e-01	8.8881567556823235e-11	7.0693188175357265e+09
/SS/5/PX2PY-1PZ-1/b_X/eta0/bT0/bz-4	5.2663135528564453e-01	1.0327207376297454e-10	5.0994556039839516e+09
/SS/5/PX2PY-1PZ-1/b_X/eta0/bT0/bz-5	4.1356945037841797e-01	1.1086536932557204e-10	3.7303754354879928e+09
/SS/5/PX2PY-1PZ-1/b_X/eta0/bT0/bz0	9.7099494934082031e-01	7.6831733107324261e-11	1.1843988005516727e+10
/SS/5/PX2PY-1PZ-1/b_X/eta0/bT0/bz1	8.7800025939941406e-01	7.1481898008242950e-11	1.2282833610520069e+10
/SS/5/PX2PY-1PZ-1/b_X/eta0/bT0/bz2	6.7326736450195312e-01	6.4273724542722692e-11	1.0475001554553337e+10
/SS/5/PX2PY-1PZ-1/b_X/eta0/bT0/bz3	4.6831512451171875e-01	5.3423960543596796e-11	8.4041897160747700e+09
/SS/5/PX2PY-1PZ-1/b_X/eta0/bT0/bz4	3.0759048461914062e-01	3.7616118867785044e-11	7.6601487335895395e+09
/SS/5/PX2PY-1PZ-1/b_X/eta0/bT0/bz5	2.9484558105468750e-01	3.8039027680445699e-11	7.7511334814232254e+09
/SS/5/PX2PY-1PZ-2/b_X/eta0/bT0/bz-1	6.9439220428466797e-01	1.1898248526059895e-10	5.8360875784682903e+09
/SS/5/PX2PY-1PZ-2/b_X/eta0/bT0/bz-2	6.5162658691406250e-01	1.1490853880802760e-10	5.6708282402120266e+09
/SS/5/PX2PY-1PZ-2/b_X/eta0/bT0/bz-3	5.4856872558593750e-01	1.0042031528535372e-10	5.4627265810421743e+09
/SS/5/PX2PY-1PZ-2/b_X/eta0/bT0/bz-4	4.2352294921875000e-01	8.2359266856255278e-11	5.1423836732051115e+09
/SS/5/PX2PY-1PZ-2/b_X/eta0/bT0/bz-5	2.9636764526367188e-01	7.1135015701865849e-11	3.9811989266969895e+09
/SS/5/PX2PY-1PZ-2/b_X/eta0/bT0/bz0	6.5043735504150391e-01	1.0623356344119705e-10	6.1227105066614599e+09
/SS/5/PX2PY-1PZ-2/b_X/eta0/bT0/bz1	5.9003448486328125e-01	9.6015504939295753e-11	5.7850772698067732e+09
/SS/5/PX2PY-1PZ-2/b_X/eta0/bT0/bz2	4.7916030883789062e-01	8.5042747785395830e-11	5.6340997966344051e+09
/SS/5/PX2PY-1PZ-2/b_X/eta0/bT0/bz3	4.1380310058593750e-01	7.6842072227060998e-11	5.3851111584183826e+09
/SS/5/PX2PY-1PZ-2/b_X/eta0/bT0/bz4	3.7303638458251953e-01	7.5533088047269387e-11	4.1866459490008254e+09
/SS/5/PX2PY-1PZ-2/b_X/eta0/bT0/bz5	3.3712482452392578e-01	7.9571868799581132e-11	8.3413381708853972e+08
/SS/5/PX2PY-1PZ0/b_X/eta0/bT0/bz-1	1.3976278305053711e+00	1.8825582401755212e-10	7.4240881406944551e+09
/SS/5/PX2PY-1PZ0/b_X/eta0/bT0/bz-2	1.1405935287475586e+00	2.0956540468179234e-10	5.4426613518555470e+09
/SS/5/PX2PY-1PZ0/b_X/eta0/bT0/bz-3	8.7916278839111328e-01	2.9925570439239929e-10	2.9378313445223765e+09
/SS/5/PX2PY-1PZ0/b_X/eta0/bT0/bz-4	6.2164771556854248e-01	9.3495207553884882e-10	6.6489794699932933e+08
/SS/5/PX2PY-1PZ0/b_X/eta0/bT0/bz-5	4.7137188911437988e-01	3.6520209018207093e-10	1.2907152006697941e+09
/SS/5/PX2PY-1PZ0/b_X/eta0/bT0/bz0	1.5426168441772461e+00	1.9498892643508442e-10	7.9113048744889269e+09
/SS/5/PX2PY-1PZ0/b_X/eta0/bT0/bz1	1.4783668518066406e+00	2.2161254184219594e-10	6.6709530043626509e+09
/SS/5/PX2PY-1PZ0/b_X/eta0/bT0/bz2	1.1646862030029297e+00	2.3742424693650445e-10	4.9055065690675116e+09
/SS/5/PX2PY-1PZ0/b_X/eta0/bT0/bz3	7.6585578918457031e-01	1.5058143318861220e-10	4.0812318627804508e+09
/SS/5/PX2PY-1PZ0/b_X/eta0/bT0/bz4	7.5082921981811523e-01	1.9998349307294630e-10	3.7544559717448359e+09
/SS/5/PX2PY-1PZ0/b_X/eta0/bT0/bz5	5.6443262100219727e-01	2.0052935206646065e-10	2.8147132336772804e+09
/SS/5/PX2PY-2PZ-1/b_X/eta0/bT0/bz-1	8.2959938049316406e-01	1.5795435259254668e-10	4.7035044186328096e+09
/SS/5/PX2PY-2PZ-1/b_X/eta0/bT0/bz-2	7.3532009124755859e-01	1.4848035607008687e-10	4.2101684833390536e+09
/SS/5/PX2PY-2PZ-1/b_X/eta0/bT0/bz-3	6.2143039703369141e-01	1.4054250329737928e-10	3.4597492293524013e+09
/SS/5/PX2PY-2PZ-1/b_X/eta0/bT0/bz-4	5.5459213256835938e-01	1.7254746266027579e-10	3.2141424974778180e+09
/SS/5/PX2PY-2PZ-1/b_X/eta0/bT0/bz-5	4.0463596582412720e-01	9.8964463838130297e-10	4.0886996213707966e+08
/SS/5/PX2PY-2PZ-1/b_X/eta0/bT0/bz0	8.6388969421386719e-01	1.5310511575388122e-10	4.9335019744432840e+09
/SS/5/PX2PY-2PZ-1/b_X/eta0/bT0/bz1	8.8287925720214844e-01	1.4106836820945885e-10	4.8100300544542284e+09
/SS/5/PX2PY-2PZ-1/b_X/eta0/bT0/bz2	8.5214424133300781e-01	1.2281095744543362e-10	4.4310449277128906e+09
/SS/5/PX2PY-2PZ-1/b_X/eta0/bT0/bz3	7.4936676025390625e-01	9.5241366135327277e-11	5.8484610375589466e+09
/SS/5/PX2PY-2PZ-1/b_X/eta0/bT0/bz4	6.1410903930664062e-01	8.5682508709534264e-11	5.5115040565004177e+09
/SS/5/PX2PY-2PZ-1/b_X/eta0/bT0/bz5	4.8367404937744141e-01	8.9450668336141602e-11	3.4794992578314819e+09
/SS/5/PX2PY-2PZ-2/b_X/eta0/bT0/bz-1	9.1504859924316406e-01	2.3249712868522760e-10	2.4244218208117657e+09
/SS/5/PX2PY-2PZ-2/b_X/eta0/bT0/bz-2	7.4211883544921875e-01	1.9466701470776629e-10	2.6149066132858362e+09
/SS/5/PX2PY-2PZ-2/b_X/eta0/bT0/bz-3	5.4429531097412109e-01	1.4304933606910375e-10	3.0579487214184599e+09
/SS/5/PX2PY-2PZ-2/b_X/eta0/bT0/bz-4	3.6820220947265625e-01	1.0347163211944468e-10	3.4110577432193918e+09
/SS/5/PX2PY-2PZ-2/b_X/eta0/bT0/bz-5	3.0762767791748047e-01	8.3199341701085454e-11	3.6630668150545335e+09
/SS/5/PX2PY-2PZ-2/b_X/eta0/bT0/bz0	9.9893760681152344e-01	2.4605730212577988e-10	2.3490194680297542e+09
/SS/5/PX2PY-2PZ-2/b_X/eta0/bT0/bz1	9.5466995239257812e-01	2.5644665011709920e-10	1.9567964265497928e+09
/SS/5/PX2PY-2PZ-2/b_X/eta0/bT0/bz2	8.1603240966796875e-01	2.6115407609589042e-10	1.4594997117425675e+09
/SS/5/PX2PY-2PZ-2/b_X/eta0/bT0/bz3	6.6070556640625000e-01	1.9707276218877973e-10	1.3199931541592808e+09
/SS/5/PX2PY-2PZ-2/b_X/eta0/bT0/bz4	5.4643630981445312e-01	1.1308192392987216e-10	3.1045796035618076e+09
/SS/5/PX2PY-2PZ-2/b_X/eta0/bT0/bz5	4.4949722290039062e-01	1.5662873987156587e-10	1.8028839544811549e+09
/SS/5/PX2PY-2PZ0/b_X/eta0/bT0/bz-1	8.8470077514648438e-01	1.0082501963560259e-10	8.7746154510451031e+09
/SS/5/PX2PY-2PZ0/b_X/eta0/bT0/bz-2	7.3898506164550781e-01	1.0228401552267954e-10	5.3636946222293873e+09
/SS/5/PX2PY-2PZ0/b_X/eta0/bT0/bz-3	5.7075405120849609e-01	1.6924939715817869e-10	2.2319326632426386e+09
/SS/5/PX2PY-2PZ0/b_X/eta0/bT0/bz-4	4.4728565216064453e-01	1.0688122882649014e-10	3.9351908160891976e+09
/SS/5/PX2PY-2PZ0/b_X/eta0/bT0/bz-5	3.5252285003662109e-01	1.3360498360651633e-10	1.7471129318132913e+09
/SS/5/PX2PY-2PZ0/b_X/eta0/bT0/bz0	9.5051383972167969e-01	1.0685319323933689e-10	8.8955117849651489e+09
/SS/5/PX2PY-2PZ0/b_X/eta0/bT0/bz1	8.9988899230957031e-01	1.4967164944529860e-10	2.4638226534474874e+09
/SS/5/PX2PY-2PZ0/b_X/eta0/bT0/bz2	7.5994682312011719e-01	3.1887862709103904e-10	1.2893761878663466e+09
/SS/5/PX2PY-2PZ0/b_X/eta0/bT0/bz3	5.8505821228027344e-01	2.7461663106646464e-10	1.3512930723672383e+09
/SS/5/PX2PY-2PZ0/b_X/eta0/bT0/bz4	4.0662384033203125e-01	1.0768885871751822e-10	3.7759137312306194e+09
/SS/5/PX2PY-2PZ0/b_X/eta0/bT0/bz5	3.0612897872924805e-01	2.4361363746945912e-10	1.2566167555690565e+09
/SS/5/PX2PY0PZ-1/b_X/eta0/bT0/bz-1	4.1612243652343750e-01	2.2045923651346183e-11	1.6746156788763590e+10
/SS/5/PX2PY0PZ-1/b_X/eta0/bT0/bz-2	3.4507560729980469e-01	3.0514645926778263e-11	4.5903785539977322e+09
/SS/5/PX2PY0PZ-1/b_X/eta0/bT0/bz-3	3.8045310974121094e-01	1.4888782841102980e-10	1.8989950898866761e+09
/SS/5/PX2PY0PZ-1/b_X/eta0/bT0/bz-4	3.9474487304687500e-01	5.7046882666281869e-11	2.1305462730609918e+09
/SS/5/PX2PY0PZ-1/b_X/eta0/bT0/bz-5	3.8338661193847656e-01	4.8479206191373732e-11	7.0944262254779253e+09
/SS/5/PX2PY0PZ-1/b_X/eta0/bT0/bz0	5.2284240722656250e-01	2.5237535035075544e-11	1.3141509919873552e+10
/SS/5/PX2PY0PZ-1/b_X/eta0/bT0/bz1	5.1940536499023438e-01	3.1127599365043099e-11	1.2516738216914619e+10
/SS/5/PX2PY0PZ-1/b_X/eta0/bT0/bz2	4.3198776245117188e-01	3.6398349420452094e-11	1.0346577912203011e+10
/SS/5/PX2PY0PZ-1/b_X/eta0/bT0/bz3	3.9595127105712891e-01	6.0452910019492829e-11	4.2807030494457178e+09
/SS/5/PX2PY0PZ-1/b_X/eta0/bT0/bz4	3.0219745635986328e-01	1.4456967296540897e-10	2.0903239950758533e+09
/SS/5/PX2PY0PZ-1/b_X/eta0/bT0/bz5	1.4901351928710938e-01	3.1499338233387343e-11	1.4090909741708694e+09
/SS/5/PX2PY0PZ-2/b_X/eta0/bT0/bz-1	4.4113254547119141e-01	1.5655282091416860e-10	2.3661357370704165e+09
/SS/5/PX2PY0PZ-2/b_X/eta0/bT0/bz-2	4.0882968902587891e-01	6.1333722741117575e-11	6.6656591309727097e+09
/SS/5/PX2PY0PZ-2/b_X/eta0/bT0/bz-3	3.5041332244873047e-01	7.0348759806785940e-11	4.9810874194676151e+09
/SS/5/PX2PY0PZ-2/b_X/eta0/bT0/bz-4	2.8753662109375000e-01	7.8106533663776793e-11	3.6813389047771797e+09
/SS/5/PX2PY0PZ-2/b_X/eta0/bT0/bz-5	2.5799274444580078e-01	8.1327261681182389e-11	2.9154710488840437e+09
/SS/5/PX2PY0PZ-2/b_X/eta0/bT0/bz0	5.6076765060424805e-01	2.0837843237580827e-10	2.6911021654722385e+09
/SS/5/PX2PY0PZ-2/b_X/eta0/bT0/bz1	5.3454017639160156e-01	1.5675991194390639e-10	3.4099290422086792e+09
/SS/5/PX2PY0PZ-2/b_X/eta0/bT0/bz2	4.0172100067138672e-01	1.0381813638364317e-10	3.8694684249281030e+09
/SS/5/PX2PY0PZ-2/b_X/eta0/bT0/bz3	2.9851150512695312e-01	6.5589730058666327e-11	4.5511927684402933e+09
/SS/5/PX2PY0PZ-2/b_X/eta0/bT0/bz4	2.7560806274414062e-01	9.6155798462408385e-11	2.4678392972654562e+09
/SS/5/PX2PY0PZ-2/b_X/eta0/bT0/bz5	2.6344966888427734e-01	1.7778745498809925e-10	1.1221429822460949e+09
/SS/5/PX2PY0PZ0/b_X/eta0/bT0/bz-1	4.1409301757812500e-01	3.3892662210632939e-11	1.2217777848333616e+10
/SS/5/PX2PY0PZ0/b_X/eta0/bT0/bz-2	3.4529876708984375e-01	2.9646197792042204e-11	1.1647320493238115e+10
/SS/5/PX2PY0PZ0/b_X/eta0/bT0/bz-3	2.7374839782714844e-01	2.5877966111209316e-11	1.0525883567563881e+10
/SS/5/PX2PY0PZ0/b_X/eta0/bT0/bz-4	2.8593826293945312e-01	3.9218307146134270e-11	1.5938805846887879e+09
/SS/5/PX2PY0PZ0/b_X/eta0/bT0/bz-5	3.1530380249023438e-01	1.8406371613983145e-10	7.7593149866117966e+08
/SS/5/PX2PY0PZ0/b_X/eta0/bT0/bz0	4.5925521850585938e-01	3.9592226394134897e-11	1.1599631047116169e+10
/SS/5/PX2PY0PZ0/b_X/eta0/bT0/bz1	4.4803810119628906e-01	4.9086621353815517e-11	6.7931775070960073e+09
/SS/5/PX2PY0PZ0/b_X/eta0/bT0/bz2	3.9353275299072266e-01	6.3331175577610608e-11	6.2138867532698669e+09
/SS/5/PX2PY0PZ0/b_X/eta0/bT0/bz3	4.1278839111328125e-01	1.1895344005310593e-10	2.7391828922378511e+09
/SS/5/PX2PY0PZ0/b_X/eta0/bT0/bz4	3.8013744354248047e-01	3.3212612834567051e-10	3.9969873078452885e+08
/SS/5/PX2PY0PZ0/b_X/eta0/bT0/bz5	3.7203598022460938e-01	1.6513612323903984e-10	1.5836308771627040e+09
/SS/5/PX2PY1PZ-1/b_X/eta0/bT0/bz-1	8.0477905273437500e-01	1.3675941067519810e-10	4.0298004059917760e+09
/SS/5/PX2PY1PZ-1/b_X/eta0/bT0/bz-2	6.8718910217285156e-01	1.3934979215907032e-10	3.5505515427864161e+09
/SS/5/PX2PY1PZ-1/b_X/eta0/bT0/bz-3	5.6132602691650391e-01	1.1699430890392512e-10	3.2941839283072729e+09
/SS/5/PX2PY1PZ-1/b_X/eta0/bT0/bz-4	4.0938091278076172e-01	1.0289582180785294e-10	3.7862176032743678e+09
/SS/5/PX2PY1PZ-1/b_X/eta0/bT0/bz-5	3.4237003326416016e-01	6.9137372578556398e-11	2.5676180790010662e+09
/SS/5/PX2PY1PZ-1/b_X/eta0/bT0/bz0	8.5586547851562500e-01	1.3802912621565768e-10	4.3373421172435932e+09
/SS/5/PX2PY1PZ-1/b_X/eta0/bT0/bz1	8.2205963134765625e-01	1.8112032683667164e-10	3.9464258869007630e+09
/SS/5/PX2PY1PZ-1/b_X/eta0/bT0/bz2	7.4151992797851562e-01	1.9360759141728339e-10	3.6904024867943821e+09
/SS/5/PX2PY1PZ-1/b_X/eta0/bT0/bz3	6.5957450866699219e-01	1.4139219764647446e-10	3.8626480757901731e+09
/SS/5/PX2PY1PZ-1/b_X/eta0/bT0/bz4	5.8840274810791016e-01	1.1658861624877704e-10	5.0468284729649343e+09
/SS/5/PX2PY1PZ-1/b_X/eta0/bT0/bz5	4.3164300918579102e-01	2.8805268454746616e-10	1.4984863267770157e+09
/SS/5/PX2PY1PZ-2/b_X/eta0/bT0/bz-1	6.0583877563476562e-01	9.6889093742587502e-11	3.6716804611058955e+09
/SS/5/PX2PY1PZ-2/b_X/eta0/bT0/bz-2	5.7407188415527344e-01	6.0874277346547071e-11	8.1351930669206991e+09
/SS/5/PX2PY1PZ-2/b_X/eta0/bT0/bz-3	5.0902175903320312e-01	6.7426491676938871e-11	2.4683953971187077e+09
/SS/5/PX2PY1PZ-2/b_X/eta0/bT0/bz-4	4.1717338562011719e-01	8.1100090446365435e-11	1.6106024300055003e+09
/SS/5/PX2PY1PZ-2/b_X/eta0/bT0/bz-5	3.0051898956298828e-01	7.2134227253164641e-11	3.3951288353734355e+09
/SS/5/PX2PY1PZ-2/b_X/eta0/bT0/bz0	5.9159088134765625e-01	1.1757600121737826e-10	2.7201893567571836e+09
/SS/5/PX2PY1PZ-2/b_X/eta0/bT0/bz1	5.3226470947265625e-01	1.6648129507551780e-10	1.5723803519452257e+09
/SS/5/PX2PY1PZ-2/b_X/eta0/bT0/bz2	4.3164253234863281e-01	8.4382965266839027e-11	2.8455689976872864e+09
/SS/5/PX2PY1PZ-2/b_X/eta0/bT0/bz3	3.2722473144531250e-01	5.8146034133672134e-11	4.6216585748694086e+09
/SS/5/PX2PY1PZ-2/b_X/eta0/bT0/bz4	2.4530982971191406e-01	7.9092469658203296e-11	2.3167388723649616e+09
/SS/5/PX2PY1PZ-2/b_X/eta0/bT0/bz5	2.0573425292968750e-01	7.3774788576450465e-11	2.3308759039812579e+09
/SS/5/PX2PY1PZ0/b_X/eta0/bT0/bz-1	1.8416213989257812e+00	1.1966029947754502e-10	1.5390412751485489e+10
/SS/5/PX2PY1PZ0/b_X/eta0/bT0/bz-2	1.5552883148193359e+00	1.1671931614721755e-10	1.3325029362386410e+10
/SS/5/PX2PY1PZ0/b_X/eta0/bT0/bz-3	1.2461605072021484e+00	1.1314901213139470e-10	1.1013445753773264e+10
/SS/5/PX2PY1PZ0/b_X/eta0/bT0/bz-4	9.7192573547363281e-01	1.0471341275610147e-10	9.2817692585136414e+09
/SS/5/PX2PY1PZ0/b_X/eta0/bT0/bz-5	7.4281787872314453e-01	9.0024731084070347e-11	8.2512646222676058e+09
/SS/5/PX2PY1PZ0/b_X/eta0/bT0/bz0	1.9752635955810547e+00	1.2378190726638321e-10	1.5957611570245195e+10
/SS/5/PX2PY1PZ0/b_X/eta0/bT0/bz1	1.8640575408935547e+00	1.3066486670474508e-10	1.2782657335832193e+10
/SS/5/PX2PY1PZ0/b_X/eta0/bT0/bz2	1.5829772949218750e+00	1.4221076476785237e-10	1.1131205837377769e+10
/SS/5/PX2PY1PZ0/b_X/eta0/bT0/bz3	1.2526769638061523e+00	1.6937473300005681e-10	7.3958904118581381e+09
/SS/5/PX2PY1PZ0/b_X/eta0/bT0/bz4	9.1826868057250977e-01	2.3789201273912718e-10	3.8600231676524796e+09
/SS/5/PX2PY1PZ0/b_X/eta0/bT0/bz5	6.6297912597656250e-01	2.6584566243280050e-10	2.1879317463238897e+09
/SS/5/PX2PY2PZ-1/b_X/eta0/bT0/bz-1	9.5220947265625000e-01	7.4063110586073348e-11	1.2856730768141693e+10
/SS/5/PX2PY2PZ-1/b_X/eta0/bT0/bz-2	8.1363487243652344e-01	6.9494143396487266e-11	1.1707963184673925e+10
/SS/5/PX2PY2PZ-1/b_X/eta0/bT0/bz-3	6.6080284118652344e-01	6.4396837076002384e-11	1.0261417659482735e+10
/SS/5/PX2PY2PZ-1/b_X/eta0/bT0/bz-4	5.1725196838378906e-01	6.0454276382581317e-11	7.4887716564385099e+09
/SS/5/PX2PY2PZ-1/b_X/eta0/bT0/bz-5	3.8766670227050781e-01	7.4725345565092472e-11	4.9059409026502409e+09
/SS/5/PX2PY2PZ-1/b_X/eta0/bT0/bz0	1.0150737762451172e+00	7.7754427667830943e-11	1.3054867827997402e+10
/SS/5/PX2PY2PZ-1/b_X/eta0/bT0/bz1	9.3243217468261719e-01	7.9047265064501869e-11	1.1795881538997723e+10
/SS/5/PX2PY2PZ-1/b_X/eta0/bT0/bz2	7.0995330810546875e-01	7.3754219214122025e-11	9.6259348369527721e+09
/SS/5/PX2PY2PZ-1/b_X/eta0/bT0/bz3	4.3212604522705078e-01	6.8433075369624986e-11	4.2939824100897756e+09
/SS/5/PX2PY2PZ-1/b_X/eta0/bT0/bz4	2.8629398345947266e-01	1.3090462355968014e-10	2.0035286662598853e+09
/SS/5/PX2PY2PZ-1/b_X/eta0/bT0/bz5	2.7788543701171875e-01	2.1615014052965737e-10	1.0750668939877453e+09
/SS/5/PX2PY2PZ-2/b_X/eta0/bT0/bz-1	6.3703775405883789e-01	5.0020587776689816e-10	1.2735511163979263e+09
/SS/5/PX2PY2PZ-2/b_X/eta0/bT0/bz-2	5.3398084640502930e-01	4.7644252096293886e-10	1.1207665624088287e+09
/SS/5/PX2PY2PZ-2/b_X/eta0/bT0/bz-3	3.1463074684143066e-01	2.8723342232132816e-10	1.0953834839228880e+09
/SS/5/PX2PY2PZ-2/b_X/eta0/bT0/bz-4	2.8181451559066772e-01	6.0763234826478872e-10	4.6379116647664231e+08
/SS/5/PX2PY2PZ-2/b_X/eta0/bT0/bz-5	1.7856884002685547e-01	7.8903993144281616e-11	7.5160297243587232e+08
/SS/5/PX2PY2PZ-2/b_X/eta0/bT0/bz0	6.2741160392761230e-01	5.6334081233025819e-10	1.1137336230484090e+09
/SS/5/PX2PY2PZ-2/b_X/eta0/bT0/bz1	4.1270875930786133e-01	6.1548842764153266e-10	6.7053861741853499e+08
/SS/5/PX2PY2PZ-2/b_X/eta0/bT0/bz2	2.7441608905792236e-01	3.8244075014725873e-10	7.1753883170728672e+08
/SS/5/PX2PY2PZ-2/b_X/eta0/bT0/bz3	2.8788948059082031e-01	1.9548685561077904e-10	1.4726794785835526e+09
/SS/5/PX2PY2PZ-2/b_X/eta0/bT0/bz4	2.2370076179504395e-01	1.9447035203961753e-10	3.1948669280093867e+08
/SS/5/PX2PY2PZ-2/b_X/eta0/bT0/bz5	2.2363948822021484e-01	3.0332349851940618e-10	3.7831613437105805e+08
/SS/5/PX2PY2PZ0/b_X/eta0/bT0/bz-1	7.3476219177246094e-01	1.6625777238962800e-10	2.4283112800184436e+09
/SS/5/PX2PY2PZ0/b_X/eta0/bT0/bz-2	6.0008144378662109e-01	1.5865967156671415e-10	3.3684139910425215e+09
/SS/5/PX2PY2PZ0/b_X/eta0/bT0/bz-3	5.7630777359008789e-01	1.7480285040865564e-10	3.2969014649520330e+09
/SS/5/PX2PY2PZ0/b_X/eta0/bT0/bz-4	4.8747730255126953e-01	1.3012789166797313e-10	3.7461400188907127e+09
/SS/5/PX2PY2PZ0/b_X/eta0/bT0/bz-5	3.7394523620605469e-01	8.6724231103589384e-11	4.3118887472105551e+09
/SS/5/PX2PY2PZ0/b_X/eta0/bT0/bz0	7.6846122741699219e-01	1.6516433574716330e-10	2.3852924574243579e+09
/SS/5/PX2PY2PZ0/b_X/eta0/bT0/bz1	7.2573757171630859e-01	1.6832600586905052e-10	3.8266827910777688e+09
/SS/5/PX2PY2PZ0/b_X/eta0/bT0/bz2	6.3382148742675781e-01	2.0298572615467449e-10	2.8678603894529276e+09
/SS/5/PX2PY2PZ0/b_X/eta0/bT0/bz3	5.8444309234619141e-01	2.5498992680322390e-10	1.7297278021693850e+09
/SS/5/PX2PY2PZ0/b_X/eta0/bT0/bz4	5.3421878814697266e-01	3.0142586061665092e-10	8.0326800458552802e+08
/SS/5/PX2PY2PZ0/b_X/eta0/bT0/bz5	4.6298122406005859e-01	1.9754466745814095e-10	1.0824242229875438e+09
